10000000001
10000000002
10000000003
10000000004
10000000005
10000000006
10000000007
10000000008
10000000009
10000000010
10000000011
10000000012
10000000013
10000000014
10000000015
10000000016
10000000017
10000000018
10000000019
10000000020
10000000021
10000000022
10000000023
10000000024
10000000025
10000000026
10000000027
10000000028
10000000029
10000000030
10000000031
10000000032
10000000033
10000000034
10000000035
10000000036
10000000037
10000000038
10000000039
10000000040
10000000041
10000000042
10000000043
10000000044
10000000045
10000000046
10000000047
10000000048
10000000049
10000000050
10000000051
10000000052
10000000053
10000000054
10000000055
10000000056
10000000057
10000000058
10000000059
10000000060
10000000061
10000000062
10000000063
10000000064
10000000065
10000000066
10000000067
10000000068
10000000069
10000000070
10000000071
10000000072
10000000073
10000000074
10000000075
10000000076
10000000077
10000000078
10000000079
10000000080
10000000081
10000000082
10000000083
10000000084
10000000085
10000000086
10000000087
10000000088
10000000089
10000000090
10000000091
10000000092
10000000093
10000000094
10000000095
10000000096
10000000097
10000000098
10000000099
10000000100
10000000101
10000000102
10000000103
10000000104
10000000105
10000000106
10000000107
10000000108
10000000109
10000000110
10000000111
10000000112
10000000113
10000000114
10000000115
10000000116
10000000117
10000000118
10000000119
10000000120
10000000121
10000000122
10000000123
10000000124
10000000125
10000000126
10000000127
10000000128
10000000129
10000000130
10000000131
10000000132
10000000133
10000000134
10000000135
10000000136
10000000137
10000000138
10000000139
10000000140
10000000141
10000000142
10000000143
10000000144
10000000145
10000000146
10000000147
10000000148
10000000149
10000000150
10000000151
10000000152
10000000153
10000000154
10000000155
10000000156
10000000157
10000000158
10000000159
10000000160
10000000161
10000000162
10000000163
10000000164
10000000165
10000000166
10000000167
10000000168
10000000169
10000000170
10000000171
10000000172
10000000173
10000000174
10000000175
10000000176
10000000177
10000000178
10000000179
10000000180
10000000181
10000000182
10000000183
10000000184
10000000185
10000000186
10000000187
10000000188
10000000189
10000000190
10000000191
10000000192
10000000193
10000000194
10000000195
10000000196
10000000197
10000000198
10000000199
10000000200
10000000201
10000000202
10000000203
10000000204
10000000205
10000000206
10000000207
10000000208
10000000209
10000000210
10000000211
10000000212
10000000213
10000000214
10000000215
10000000216
10000000217
10000000218
10000000219
10000000220
10000000221
10000000222
10000000223
10000000224
10000000225
10000000226
10000000227
10000000228
10000000229
10000000230
10000000231
10000000232
10000000233
10000000234
10000000235
10000000236
10000000237
10000000238
10000000239
10000000240
10000000241
10000000242
10000000243
10000000244
10000000245
10000000246
10000000247
10000000248
10000000249
10000000250
10000000251
10000000252
10000000253
10000000254
10000000255
10000000256
10000000257
10000000258
10000000259
10000000260
10000000261
10000000262
10000000263
10000000264
10000000265
10000000266
10000000267
10000000268
10000000269
10000000270
10000000271
10000000272
10000000273
10000000274
10000000275
10000000276
10000000277
10000000278
10000000279
10000000280
10000000281
10000000282
10000000283
10000000284
10000000285
10000000286
10000000287
10000000288
10000000289
10000000290
10000000291
10000000292
10000000293
10000000294
10000000295
10000000296
10000000297
10000000298
10000000299
10000000300
10000000301
10000000302
10000000303
10000000304
10000000305
10000000306
10000000307
10000000308
10000000309
10000000310
10000000311
10000000312
10000000313
10000000314
10000000315
10000000316
10000000317
10000000318
10000000319
10000000320
10000000321
10000000322
10000000323
10000000324
10000000325
10000000326
10000000327
10000000328
10000000329
10000000330
10000000331
10000000332
10000000333
10000000334
10000000335
10000000336
10000000337
10000000338
10000000339
10000000340
10000000341
10000000342
10000000343
10000000344
10000000345
10000000346
10000000347
10000000348
10000000349
10000000350
10000000351
10000000352
10000000353
10000000354
10000000355
10000000356
10000000357
10000000358
10000000359
10000000360
10000000361
10000000362
10000000363
10000000364
10000000365
10000000366
10000000367
10000000368
10000000369
10000000370
10000000371
10000000372
10000000373
10000000374
10000000375
10000000376
10000000377
10000000378
10000000379
10000000380
10000000381
10000000382
10000000383
10000000384
10000000385
10000000386
10000000387
10000000388
10000000389
10000000390
10000000391
10000000392
10000000393
10000000394
10000000395
10000000396
10000000397
10000000398
10000000399
10000000400
10000000401
10000000402
10000000403
10000000404
10000000405
10000000406
10000000407
10000000408
10000000409
10000000410
10000000411
10000000412
10000000413
10000000414
10000000415
10000000416
10000000417
10000000418
10000000419
10000000420
10000000421
10000000422
10000000423
10000000424
10000000425
10000000426
10000000427
10000000428
10000000429
10000000430
10000000431
10000000432
10000000433
10000000434
10000000435
10000000436
10000000437
10000000438
10000000439
10000000440
10000000441
10000000442
10000000443
10000000444
10000000445
10000000446
10000000447
10000000448
10000000449
10000000450
10000000451
10000000452
10000000453
10000000454
10000000455
10000000456
10000000457
10000000458
10000000459
10000000460
10000000461
10000000462
10000000463
10000000464
10000000465
10000000466
10000000467
10000000468
10000000469
10000000470
10000000471
10000000472
10000000473
10000000474
10000000475
10000000476
10000000477
10000000478
10000000479
10000000480
10000000481
10000000482
10000000483
10000000484
10000000485
10000000486
10000000487
10000000488
10000000489
10000000490
10000000491
10000000492
10000000493
10000000494
10000000495
10000000496
10000000497
10000000498
10000000499
10000000500
10000000501
10000000502
10000000503
10000000504
10000000505
10000000506
10000000507
10000000508
10000000509
10000000510
10000000511
10000000512
10000000513
10000000514
10000000515
10000000516
10000000517
10000000518
10000000519
10000000520
10000000521
10000000522
10000000523
10000000524
10000000525
10000000526
10000000527
10000000528
10000000529
10000000530
10000000531
10000000532
10000000533
10000000534
10000000535
10000000536
10000000537
10000000538
10000000539
10000000540
10000000541
10000000542
10000000543
10000000544
10000000545
10000000546
10000000547
10000000548
10000000549
10000000550
10000000551
10000000552
10000000553
10000000554
10000000555
10000000556
10000000557
10000000558
10000000559
10000000560
10000000561
10000000562
10000000563
10000000564
10000000565
10000000566
10000000567
10000000568
10000000569
10000000570
10000000571
10000000572
10000000573
10000000574
10000000575
10000000576
10000000577
10000000578
10000000579
10000000580
10000000581
10000000582
10000000583
10000000584
10000000585
10000000586
10000000587
10000000588
10000000589
10000000590
10000000591
10000000592
10000000593
10000000594
10000000595
10000000596
10000000597
10000000598
10000000599
10000000600
10000000601
10000000602
10000000603
10000000604
10000000605
10000000606
10000000607
10000000608
10000000609
10000000610
10000000611
10000000612
10000000613
10000000614
10000000615
10000000616
10000000617
10000000618
10000000619
10000000620
10000000621
10000000622
10000000623
10000000624
10000000625
10000000626
10000000627
10000000628
10000000629
10000000630
10000000631
10000000632
10000000633
10000000634
10000000635
10000000636
10000000637
10000000638
10000000639
10000000640
10000000641
10000000642
10000000643
10000000644
10000000645
10000000646
10000000647
10000000648
10000000649
10000000650
10000000651
10000000652
10000000653
10000000654
10000000655
10000000656
10000000657
10000000658
10000000659
10000000660
10000000661
10000000662
10000000663
10000000664
10000000665
10000000666
10000000667
10000000668
10000000669
10000000670
10000000671
10000000672
10000000673
10000000674
10000000675
10000000676
10000000677
10000000678
10000000679
10000000680
10000000681
10000000682
10000000683
10000000684
10000000685
10000000686
10000000687
10000000688
10000000689
10000000690
10000000691
10000000692
10000000693
10000000694
10000000695
10000000696
10000000697
10000000698
10000000699
10000000700
10000000701
10000000702
10000000703
10000000704
10000000705
10000000706
10000000707
10000000708
10000000709
10000000710
10000000711
10000000712
10000000713
10000000714
10000000715
10000000716
10000000717
10000000718
10000000719
10000000720
10000000721
10000000722
10000000723
10000000724
10000000725
10000000726
10000000727
10000000728
10000000729
10000000730
10000000731
10000000732
10000000733
10000000734
10000000735
10000000736
10000000737
10000000738
10000000739
10000000740
10000000741
10000000742
10000000743
10000000744
10000000745
10000000746
10000000747
10000000748
10000000749
10000000750
10000000751
10000000752
10000000753
10000000754
10000000755
10000000756
10000000757
10000000758
10000000759
10000000760
10000000761
10000000762
10000000763
10000000764
10000000765
10000000766
10000000767
10000000768
10000000769
10000000770
10000000771
10000000772
10000000773
10000000774
10000000775
10000000776
10000000777
10000000778
10000000779
10000000780
10000000781
10000000782
10000000783
10000000784
10000000785
10000000786
10000000787
10000000788
10000000789
10000000790
10000000791
10000000792
10000000793
10000000794
10000000795
10000000796
10000000797
10000000798
10000000799
10000000800
10000000801
10000000802
10000000803
10000000804
10000000805
10000000806
10000000807
10000000808
10000000809
10000000810
10000000811
10000000812
10000000813
10000000814
10000000815
10000000816
10000000817
10000000818
10000000819
10000000820
10000000821
10000000822
10000000823
10000000824
10000000825
10000000826
10000000827
10000000828
10000000829
10000000830
10000000831
10000000832
10000000833
10000000834
10000000835
10000000836
10000000837
10000000838
10000000839
10000000840
10000000841
10000000842
10000000843
10000000844
10000000845
10000000846
10000000847
10000000848
10000000849
10000000850
10000000851
10000000852
10000000853
10000000854
10000000855
10000000856
10000000857
10000000858
10000000859
10000000860
10000000861
10000000862
10000000863
10000000864
10000000865
10000000866
10000000867
10000000868
10000000869
10000000870
10000000871
10000000872
10000000873
10000000874
10000000875
10000000876
10000000877
10000000878
10000000879
10000000880
10000000881
10000000882
10000000883
10000000884
10000000885
10000000886
10000000887
10000000888
10000000889
10000000890
10000000891
10000000892
10000000893
10000000894
10000000895
10000000896
10000000897
10000000898
10000000899
10000000900
10000000901
10000000902
10000000903
10000000904
10000000905
10000000906
10000000907
10000000908
10000000909
10000000910
10000000911
10000000912
10000000913
10000000914
10000000915
10000000916
10000000917
10000000918
10000000919
10000000920
10000000921
10000000922
10000000923
10000000924
10000000925
10000000926
10000000927
10000000928
10000000929
10000000930
10000000931
10000000932
10000000933
10000000934
10000000935
10000000936
10000000937
10000000938
10000000939
10000000940
10000000941
10000000942
10000000943
10000000944
10000000945
10000000946
10000000947
10000000948
10000000949
10000000950
10000000951
10000000952
10000000953
10000000954
10000000955
10000000956
10000000957
10000000958
10000000959
10000000960
10000000961
10000000962
10000000963
10000000964
10000000965
10000000966
10000000967
10000000968
10000000969
10000000970
10000000971
10000000972
10000000973
10000000974
10000000975
10000000976
10000000977
10000000978
10000000979
10000000980
10000000981
10000000982
10000000983
10000000984
10000000985
10000000986
10000000987
10000000988
10000000989
10000000990
10000000991
10000000992
10000000993
10000000994
10000000995
10000000996
10000000997
10000000998
10000000999
10000001000
10000001001
10000001002
10000001003
10000001004
10000001005
10000001006
10000001007
10000001008
10000001009
10000001010
10000001011
10000001012
10000001013
10000001014
10000001015
10000001016
10000001017
10000001018
10000001019
10000001020
10000001021
10000001022
10000001023
10000001024
10000001025
10000001026
10000001027
10000001028
10000001029
10000001030
10000001031
10000001032
10000001033
10000001034
10000001035
10000001036
10000001037
10000001038
10000001039
10000001040
10000001041
10000001042
10000001043
10000001044
10000001045
10000001046
10000001047
10000001048
10000001049
10000001050
10000001051
10000001052
10000001053
10000001054
10000001055
10000001056
10000001057
10000001058
10000001059
10000001060
10000001061
10000001062
10000001063
10000001064
10000001065
10000001066
10000001067
10000001068
10000001069
10000001070
10000001071
10000001072
10000001073
10000001074
10000001075
10000001076
10000001077
10000001078
10000001079
10000001080
10000001081
10000001082
10000001083
10000001084
10000001085
10000001086
10000001087
10000001088
10000001089
10000001090
10000001091
10000001092
10000001093
10000001094
10000001095
10000001096
10000001097
10000001098
10000001099
10000001100
10000001101
10000001102
10000001103
10000001104
10000001105
10000001106
10000001107
10000001108
10000001109
10000001110
10000001111
10000001112
10000001113
10000001114
10000001115
10000001116
10000001117
10000001118
10000001119
10000001120
10000001121
10000001122
10000001123
10000001124
10000001125
10000001126
10000001127
10000001128
10000001129
10000001130
10000001131
10000001132
10000001133
10000001134
10000001135
10000001136
10000001137
10000001138
10000001139
10000001140
10000001141
10000001142
10000001143
10000001144
10000001145
10000001146
10000001147
10000001148
10000001149
10000001150
10000001151
10000001152
10000001153
10000001154
10000001155
10000001156
10000001157
10000001158
10000001159
10000001160
10000001161
10000001162
10000001163
10000001164
10000001165
10000001166
10000001167
10000001168
10000001169
10000001170
10000001171
10000001172
10000001173
10000001174
10000001175
10000001176
10000001177
10000001178
10000001179
10000001180
10000001181
10000001182
10000001183
10000001184
10000001185
10000001186
10000001187
10000001188
10000001189
10000001190
10000001191
10000001192
10000001193
10000001194
10000001195
10000001196
10000001197
10000001198
10000001199
10000001200
10000001201
10000001202
10000001203
10000001204
10000001205
10000001206
10000001207
10000001208
10000001209
10000001210
10000001211
10000001212
10000001213
10000001214
10000001215
10000001216
10000001217
10000001218
10000001219
10000001220
10000001221
10000001222
10000001223
10000001224
10000001225
10000001226
10000001227
10000001228
10000001229
10000001230
10000001231
10000001232
10000001233
10000001234
10000001235
10000001236
10000001237
10000001238
10000001239
10000001240
10000001241
10000001242
10000001243
10000001244
10000001245
10000001246
10000001247
10000001248
10000001249
10000001250
10000001251
10000001252
10000001253
10000001254
10000001255
10000001256
10000001257
10000001258
10000001259
10000001260
10000001261
10000001262
10000001263
10000001264
10000001265
10000001266
10000001267
10000001268
10000001269
10000001270
10000001271
10000001272
10000001273
10000001274
10000001275
10000001276
10000001277
10000001278
10000001279
10000001280
10000001281
10000001282
10000001283
10000001284
10000001285
10000001286
10000001287
10000001288
10000001289
10000001290
10000001291
10000001292
10000001293
10000001294
10000001295
10000001296
10000001297
10000001298
10000001299
10000001300
10000001301
10000001302
10000001303
10000001304
10000001305
10000001306
10000001307
10000001308
10000001309
10000001310
10000001311
10000001312
10000001313
10000001314
10000001315
10000001316
10000001317
10000001318
10000001319
10000001320
10000001321
10000001322
10000001323
10000001324
10000001325
10000001326
10000001327
10000001328
10000001329
10000001330
10000001331
10000001332
10000001333
10000001334
10000001335
10000001336
10000001337
10000001338
10000001339
10000001340
10000001341
10000001342
10000001343
10000001344
10000001345
10000001346
10000001347
10000001348
10000001349
10000001350
10000001351
10000001352
10000001353
10000001354
10000001355
10000001356
10000001357
10000001358
10000001359
10000001360
10000001361
10000001362
10000001363
10000001364
10000001365
10000001366
10000001367
10000001368
10000001369
10000001370
10000001371
10000001372
10000001373
10000001374
10000001375
10000001376
10000001377
10000001378
10000001379
10000001380
10000001381
10000001382
10000001383
10000001384
10000001385
10000001386
10000001387
10000001388
10000001389
10000001390
10000001391
10000001392
10000001393
10000001394
10000001395
10000001396
10000001397
10000001398
10000001399
10000001400
10000001401
10000001402
10000001403
10000001404
10000001405
10000001406
10000001407
10000001408
10000001409
10000001410
10000001411
10000001412
10000001413
10000001414
10000001415
10000001416
10000001417
10000001418
10000001419
10000001420
10000001421
10000001422
10000001423
10000001424
10000001425
10000001426
10000001427
10000001428
10000001429
10000001430
10000001431
10000001432
10000001433
10000001434
10000001435
10000001436
10000001437
10000001438
10000001439
10000001440
10000001441
10000001442
10000001443
10000001444
10000001445
10000001446
10000001447
10000001448
10000001449
10000001450
10000001451
10000001452
10000001453
10000001454
10000001455
10000001456
10000001457
10000001458
10000001459
10000001460
10000001461
10000001462
10000001463
10000001464
10000001465
10000001466
10000001467
10000001468
10000001469
10000001470
10000001471
10000001472
10000001473
10000001474
10000001475
10000001476
10000001477
10000001478
10000001479
10000001480
10000001481
10000001482
10000001483
10000001484
10000001485
10000001486
10000001487
10000001488
10000001489
10000001490
10000001491
10000001492
10000001493
10000001494
10000001495
10000001496
10000001497
10000001498
10000001499
10000001500
10000001501
10000001502
10000001503
10000001504
10000001505
10000001506
10000001507
10000001508
10000001509
10000001510
10000001511
10000001512
10000001513
10000001514
10000001515
10000001516
10000001517
10000001518
10000001519
10000001520
10000001521
10000001522
10000001523
10000001524
10000001525
10000001526
10000001527
10000001528
10000001529
10000001530
10000001531
10000001532
10000001533
10000001534
10000001535
10000001536
10000001537
10000001538
10000001539
10000001540
10000001541
10000001542
10000001543
10000001544
10000001545
10000001546
10000001547
10000001548
10000001549
10000001550
10000001551
10000001552
10000001553
10000001554
10000001555
10000001556
10000001557
10000001558
10000001559
10000001560
10000001561
10000001562
10000001563
10000001564
10000001565
10000001566
10000001567
10000001568
10000001569
10000001570
10000001571
10000001572
10000001573
10000001574
10000001575
10000001576
10000001577
10000001578
10000001579
10000001580
10000001581
10000001582
10000001583
10000001584
10000001585
10000001586
10000001587
10000001588
10000001589
10000001590
10000001591
10000001592
10000001593
10000001594
10000001595
10000001596
10000001597
10000001598
10000001599
10000001600
10000001601
10000001602
10000001603
10000001604
10000001605
10000001606
10000001607
10000001608
10000001609
10000001610
10000001611
10000001612
10000001613
10000001614
10000001615
10000001616
10000001617
10000001618
10000001619
10000001620
10000001621
10000001622
10000001623
10000001624
10000001625
10000001626
10000001627
10000001628
10000001629
10000001630
10000001631
10000001632
10000001633
10000001634
10000001635
10000001636
10000001637
10000001638
10000001639
10000001640
10000001641
10000001642
10000001643
10000001644
10000001645
10000001646
10000001647
10000001648
10000001649
10000001650
10000001651
10000001652
10000001653
10000001654
10000001655
10000001656
10000001657
10000001658
10000001659
10000001660
10000001661
10000001662
10000001663
10000001664
10000001665
10000001666
10000001667
10000001668
10000001669
10000001670
10000001671
10000001672
10000001673
10000001674
10000001675
10000001676
10000001677
10000001678
10000001679
10000001680
10000001681
10000001682
10000001683
10000001684
10000001685
10000001686
10000001687
10000001688
10000001689
10000001690
10000001691
10000001692
10000001693
10000001694
10000001695
10000001696
10000001697
10000001698
10000001699
10000001700
10000001701
10000001702
10000001703
10000001704
10000001705
10000001706
10000001707
10000001708
10000001709
10000001710
10000001711
10000001712
10000001713
10000001714
10000001715
10000001716
10000001717
10000001718
10000001719
10000001720
10000001721
10000001722
10000001723
10000001724
10000001725
10000001726
10000001727
10000001728
10000001729
10000001730
10000001731
10000001732
10000001733
10000001734
10000001735
10000001736
10000001737
10000001738
10000001739
10000001740
10000001741
10000001742
10000001743
10000001744
10000001745
10000001746
10000001747
10000001748
10000001749
10000001750
10000001751
10000001752
10000001753
10000001754
10000001755
10000001756
10000001757
10000001758
10000001759
10000001760
10000001761
10000001762
10000001763
10000001764
10000001765
10000001766
10000001767
10000001768
10000001769
10000001770
10000001771
10000001772
10000001773
10000001774
10000001775
10000001776
10000001777
10000001778
10000001779
10000001780
10000001781
10000001782
10000001783
10000001784
10000001785
10000001786
10000001787
10000001788
10000001789
10000001790
10000001791
10000001792
10000001793
10000001794
10000001795
10000001796
10000001797
10000001798
10000001799
10000001800
10000001801
10000001802
10000001803
10000001804
10000001805
10000001806
10000001807
10000001808
10000001809
10000001810
10000001811
10000001812
10000001813
10000001814
10000001815
10000001816
10000001817
10000001818
10000001819
10000001820
10000001821
10000001822
10000001823
10000001824
10000001825
10000001826
10000001827
10000001828
10000001829
10000001830
10000001831
10000001832
10000001833
10000001834
10000001835
10000001836
10000001837
10000001838
10000001839
10000001840
10000001841
10000001842
10000001843
10000001844
10000001845
10000001846
10000001847
10000001848
10000001849
10000001850
10000001851
10000001852
10000001853
10000001854
10000001855
10000001856
10000001857
10000001858
10000001859
10000001860
10000001861
10000001862
10000001863
10000001864
10000001865
10000001866
10000001867
10000001868
10000001869
10000001870
10000001871
10000001872
10000001873
10000001874
10000001875
10000001876
10000001877
10000001878
10000001879
10000001880
10000001881
10000001882
10000001883
10000001884
10000001885
10000001886
10000001887
10000001888
10000001889
10000001890
10000001891
10000001892
10000001893
10000001894
10000001895
10000001896
10000001897
10000001898
10000001899
10000001900
10000001901
10000001902
10000001903
10000001904
10000001905
10000001906
10000001907
10000001908
10000001909
10000001910
10000001911
10000001912
10000001913
10000001914
10000001915
10000001916
10000001917
10000001918
10000001919
10000001920
10000001921
10000001922
10000001923
10000001924
10000001925
10000001926
10000001927
10000001928
10000001929
10000001930
10000001931
10000001932
10000001933
10000001934
10000001935
10000001936
10000001937
10000001938
10000001939
10000001940
10000001941
10000001942
10000001943
10000001944
10000001945
10000001946
10000001947
10000001948
10000001949
10000001950
10000001951
10000001952
10000001953
10000001954
10000001955
10000001956
10000001957
10000001958
10000001959
10000001960
10000001961
10000001962
10000001963
10000001964
10000001965
10000001966
10000001967
10000001968
10000001969
10000001970
10000001971
10000001972
10000001973
10000001974
10000001975
10000001976
10000001977
10000001978
10000001979
10000001980
10000001981
10000001982
10000001983
10000001984
10000001985
10000001986
10000001987
10000001988
10000001989
10000001990
10000001991
10000001992
10000001993
10000001994
10000001995
10000001996
10000001997
10000001998
10000001999
10000002000
10000002001
10000002002
10000002003
10000002004
10000002005
10000002006
10000002007
10000002008
10000002009
10000002010
10000002011
10000002012
10000002013
10000002014
10000002015
10000002016
10000002017
10000002018
10000002019
10000002020
10000002021
10000002022
10000002023
10000002024
10000002025
10000002026
10000002027
10000002028
10000002029
10000002030
10000002031
10000002032
10000002033
10000002034
10000002035
10000002036
10000002037
10000002038
10000002039
10000002040
10000002041
10000002042
10000002043
10000002044
10000002045
10000002046
10000002047
10000002048
10000002049
10000002050
10000002051
10000002052
10000002053
10000002054
10000002055
10000002056
10000002057
10000002058
10000002059
10000002060
10000002061
10000002062
10000002063
10000002064
10000002065
10000002066
10000002067
10000002068
10000002069
10000002070
10000002071
10000002072
10000002073
10000002074
10000002075
10000002076
10000002077
10000002078
10000002079
10000002080
10000002081
10000002082
10000002083
10000002084
10000002085
10000002086
10000002087
10000002088
10000002089
10000002090
10000002091
10000002092
10000002093
10000002094
10000002095
10000002096
10000002097
10000002098
10000002099
10000002100
10000002101
10000002102
10000002103
10000002104
10000002105
10000002106
10000002107
10000002108
10000002109
10000002110
10000002111
10000002112
10000002113
10000002114
10000002115
10000002116
10000002117
10000002118
10000002119
10000002120
10000002121
10000002122
10000002123
10000002124
10000002125
10000002126
10000002127
10000002128
10000002129
10000002130
10000002131
10000002132
10000002133
10000002134
10000002135
10000002136
10000002137
10000002138
10000002139
10000002140
10000002141
10000002142
10000002143
10000002144
10000002145
10000002146
10000002147
10000002148
10000002149
10000002150
10000002151
10000002152
10000002153
10000002154
10000002155
10000002156
10000002157
10000002158
10000002159
10000002160
10000002161
10000002162
10000002163
10000002164
10000002165
10000002166
10000002167
10000002168
10000002169
10000002170
10000002171
10000002172
10000002173
10000002174
10000002175
10000002176
10000002177
10000002178
10000002179
10000002180
10000002181
10000002182
10000002183
10000002184
10000002185
10000002186
10000002187
10000002188
10000002189
10000002190
10000002191
10000002192
10000002193
10000002194
10000002195
10000002196
10000002197
10000002198
10000002199
10000002200
10000002201
10000002202
10000002203
10000002204
10000002205
10000002206
10000002207
10000002208
10000002209
10000002210
10000002211
10000002212
10000002213
10000002214
10000002215
10000002216
10000002217
10000002218
10000002219
10000002220
10000002221
10000002222
10000002223
10000002224
10000002225
10000002226
10000002227
10000002228
10000002229
10000002230
10000002231
10000002232
10000002233
10000002234
10000002235
10000002236
10000002237
10000002238
10000002239
10000002240
10000002241
10000002242
10000002243
10000002244
10000002245
10000002246
10000002247
10000002248
10000002249
10000002250
10000002251
10000002252
10000002253
10000002254
10000002255
10000002256
10000002257
10000002258
10000002259
10000002260
10000002261
10000002262
10000002263
10000002264
10000002265
10000002266
10000002267
10000002268
10000002269
10000002270
10000002271
10000002272
10000002273
10000002274
10000002275
10000002276
10000002277
10000002278
10000002279
10000002280
10000002281
10000002282
10000002283
10000002284
10000002285
10000002286
10000002287
10000002288
10000002289
10000002290
10000002291
10000002292
10000002293
10000002294
10000002295
10000002296
10000002297
10000002298
10000002299
10000002300
10000002301
10000002302
10000002303
10000002304
10000002305
10000002306
10000002307
10000002308
10000002309
10000002310
10000002311
10000002312
10000002313
10000002314
10000002315
10000002316
10000002317
10000002318
10000002319
10000002320
10000002321
10000002322
10000002323
10000002324
10000002325
10000002326
10000002327
10000002328
10000002329
10000002330
10000002331
10000002332
10000002333
10000002334
10000002335
10000002336
10000002337
10000002338
10000002339
10000002340
10000002341
10000002342
10000002343
10000002344
10000002345
10000002346
10000002347
10000002348
10000002349
10000002350
10000002351
10000002352
10000002353
10000002354
10000002355
10000002356
10000002357
10000002358
10000002359
10000002360
10000002361
10000002362
10000002363
10000002364
10000002365
10000002366
10000002367
10000002368
10000002369
10000002370
10000002371
10000002372
10000002373
10000002374
10000002375
10000002376
10000002377
10000002378
10000002379
10000002380
10000002381
10000002382
10000002383
10000002384
10000002385
10000002386
10000002387
10000002388
10000002389
10000002390
10000002391
10000002392
10000002393
10000002394
10000002395
10000002396
10000002397
10000002398
10000002399
10000002400
10000002401
10000002402
10000002403
10000002404
10000002405
10000002406
10000002407
10000002408
10000002409
10000002410
10000002411
10000002412
10000002413
10000002414
10000002415
10000002416
10000002417
10000002418
10000002419
10000002420
10000002421
10000002422
10000002423
10000002424
10000002425
10000002426
10000002427
10000002428
10000002429
10000002430
10000002431
10000002432
10000002433
10000002434
10000002435
10000002436
10000002437
10000002438
10000002439
10000002440
10000002441
10000002442
10000002443
10000002444
10000002445
10000002446
10000002447
10000002448
10000002449
10000002450
10000002451
10000002452
10000002453
10000002454
10000002455
10000002456
10000002457
10000002458
10000002459
10000002460
10000002461
10000002462
10000002463
10000002464
10000002465
10000002466
10000002467
10000002468
10000002469
10000002470
10000002471
10000002472
10000002473
10000002474
10000002475
10000002476
10000002477
10000002478
10000002479
10000002480
10000002481
10000002482
10000002483
10000002484
10000002485
10000002486
10000002487
10000002488
10000002489
10000002490
10000002491
10000002492
10000002493
10000002494
10000002495
10000002496
10000002497
10000002498
10000002499
10000002500
10000002501
10000002502
10000002503
10000002504
10000002505
10000002506
10000002507
10000002508
10000002509
10000002510
10000002511
10000002512
10000002513
10000002514
10000002515
10000002516
10000002517
10000002518
10000002519
10000002520
10000002521
10000002522
10000002523
10000002524
10000002525
10000002526
10000002527
10000002528
10000002529
10000002530
10000002531
10000002532
10000002533
10000002534
10000002535
10000002536
10000002537
10000002538
10000002539
10000002540
10000002541
10000002542
10000002543
10000002544
10000002545
10000002546
10000002547
10000002548
10000002549
10000002550
10000002551
10000002552
10000002553
10000002554
10000002555
10000002556
10000002557
10000002558
10000002559
10000002560
10000002561
10000002562
10000002563
10000002564
10000002565
10000002566
10000002567
10000002568
10000002569
10000002570
10000002571
10000002572
10000002573
10000002574
10000002575
10000002576
10000002577
10000002578
10000002579
10000002580
10000002581
10000002582
10000002583
10000002584
10000002585
10000002586
10000002587
10000002588
10000002589
10000002590
10000002591
10000002592
10000002593
10000002594
10000002595
10000002596
10000002597
10000002598
10000002599
10000002600
10000002601
10000002602
10000002603
10000002604
10000002605
10000002606
10000002607
10000002608
10000002609
10000002610
10000002611
10000002612
10000002613
10000002614
10000002615
10000002616
10000002617
10000002618
10000002619
10000002620
10000002621
10000002622
10000002623
10000002624
10000002625
10000002626
10000002627
10000002628
10000002629
10000002630
10000002631
10000002632
10000002633
10000002634
10000002635
10000002636
10000002637
10000002638
10000002639
10000002640
10000002641
10000002642
10000002643
10000002644
10000002645
10000002646
10000002647
10000002648
10000002649
10000002650
10000002651
10000002652
10000002653
10000002654
10000002655
10000002656
10000002657
10000002658
10000002659
10000002660
10000002661
10000002662
10000002663
10000002664
10000002665
10000002666
10000002667
10000002668
10000002669
10000002670
10000002671
10000002672
10000002673
10000002674
10000002675
10000002676
10000002677
10000002678
10000002679
10000002680
10000002681
10000002682
10000002683
10000002684
10000002685
10000002686
10000002687
10000002688
10000002689
10000002690
10000002691
10000002692
10000002693
10000002694
10000002695
10000002696
10000002697
10000002698
10000002699
10000002700
10000002701
10000002702
10000002703
10000002704
10000002705
10000002706
10000002707
10000002708
10000002709
10000002710
10000002711
10000002712
10000002713
10000002714
10000002715
10000002716
10000002717
10000002718
10000002719
10000002720
10000002721
10000002722
10000002723
10000002724
10000002725
10000002726
10000002727
10000002728
10000002729
10000002730
10000002731
10000002732
10000002733
10000002734
10000002735
10000002736
10000002737
10000002738
10000002739
10000002740
10000002741
10000002742
10000002743
10000002744
10000002745
10000002746
10000002747
10000002748
10000002749
10000002750
10000002751
10000002752
10000002753
10000002754
10000002755
10000002756
10000002757
10000002758
10000002759
10000002760
10000002761
10000002762
10000002763
10000002764
10000002765
10000002766
10000002767
10000002768
10000002769
10000002770
10000002771
10000002772
10000002773
10000002774
10000002775
10000002776
10000002777
10000002778
10000002779
10000002780
10000002781
10000002782
10000002783
10000002784
10000002785
10000002786
10000002787
10000002788
10000002789
10000002790
10000002791
10000002792
10000002793
10000002794
10000002795
10000002796
10000002797
10000002798
10000002799
10000002800
10000002801
10000002802
10000002803
10000002804
10000002805
10000002806
10000002807
10000002808
10000002809
10000002810
10000002811
10000002812
10000002813
10000002814
10000002815
10000002816
10000002817
10000002818
10000002819
10000002820
10000002821
10000002822
10000002823
10000002824
10000002825
10000002826
10000002827
10000002828
10000002829
10000002830
10000002831
10000002832
10000002833
10000002834
10000002835
10000002836
10000002837
10000002838
10000002839
10000002840
10000002841
10000002842
10000002843
10000002844
10000002845
10000002846
10000002847
10000002848
10000002849
10000002850
10000002851
10000002852
10000002853
10000002854
10000002855
10000002856
10000002857
10000002858
10000002859
10000002860
10000002861
10000002862
10000002863
10000002864
10000002865
10000002866
10000002867
10000002868
10000002869
10000002870
10000002871
10000002872
10000002873
10000002874
10000002875
10000002876
10000002877
10000002878
10000002879
10000002880
10000002881
10000002882
10000002883
10000002884
10000002885
10000002886
10000002887
10000002888
10000002889
10000002890
10000002891
10000002892
10000002893
10000002894
10000002895
10000002896
10000002897
10000002898
10000002899
10000002900
10000002901
10000002902
10000002903
10000002904
10000002905
10000002906
10000002907
10000002908
10000002909
10000002910
10000002911
10000002912
10000002913
10000002914
10000002915
10000002916
10000002917
10000002918
10000002919
10000002920
10000002921
10000002922
10000002923
10000002924
10000002925
10000002926
10000002927
10000002928
10000002929
10000002930
10000002931
10000002932
10000002933
10000002934
10000002935
10000002936
10000002937
10000002938
10000002939
10000002940
10000002941
10000002942
10000002943
10000002944
10000002945
10000002946
10000002947
10000002948
10000002949
10000002950
10000002951
10000002952
10000002953
10000002954
10000002955
10000002956
10000002957
10000002958
10000002959
10000002960
10000002961
10000002962
10000002963
10000002964
10000002965
10000002966
10000002967
10000002968
10000002969
10000002970
10000002971
10000002972
10000002973
10000002974
10000002975
10000002976
10000002977
10000002978
10000002979
10000002980
10000002981
10000002982
10000002983
10000002984
10000002985
10000002986
10000002987
10000002988
10000002989
10000002990
10000002991
10000002992
10000002993
10000002994
10000002995
10000002996
10000002997
10000002998
10000002999
10000003000
10000003001
10000003002
10000003003
10000003004
10000003005
10000003006
10000003007
10000003008
10000003009
10000003010
10000003011
10000003012
10000003013
10000003014
10000003015
10000003016
10000003017
10000003018
10000003019
10000003020
10000003021
10000003022
10000003023
10000003024
10000003025
10000003026
10000003027
10000003028
10000003029
10000003030
10000003031
10000003032
10000003033
10000003034
10000003035
10000003036
10000003037
10000003038
10000003039
10000003040
10000003041
10000003042
10000003043
10000003044
10000003045
10000003046
10000003047
10000003048
10000003049
10000003050
10000003051
10000003052
10000003053
10000003054
10000003055
10000003056
10000003057
10000003058
10000003059
10000003060
10000003061
10000003062
10000003063
10000003064
10000003065
10000003066
10000003067
10000003068
10000003069
10000003070
10000003071
10000003072
10000003073
10000003074
10000003075
10000003076
10000003077
10000003078
10000003079
10000003080
10000003081
10000003082
10000003083
10000003084
10000003085
10000003086
10000003087
10000003088
10000003089
10000003090
10000003091
10000003092
10000003093
10000003094
10000003095
10000003096
10000003097
10000003098
10000003099
10000003100
10000003101
10000003102
10000003103
10000003104
10000003105
10000003106
10000003107
10000003108
10000003109
10000003110
10000003111
10000003112
10000003113
10000003114
10000003115
10000003116
10000003117
10000003118
10000003119
10000003120
10000003121
10000003122
10000003123
10000003124
10000003125
10000003126
10000003127
10000003128
10000003129
10000003130
10000003131
10000003132
10000003133
10000003134
10000003135
10000003136
10000003137
10000003138
10000003139
10000003140
10000003141
10000003142
10000003143
10000003144
10000003145
10000003146
10000003147
10000003148
10000003149
10000003150
10000003151
10000003152
10000003153
10000003154
10000003155
10000003156
10000003157
10000003158
10000003159
10000003160
10000003161
10000003162
10000003163
10000003164
10000003165
10000003166
10000003167
10000003168
10000003169
10000003170
10000003171
10000003172
10000003173
10000003174
10000003175
10000003176
10000003177
10000003178
10000003179
10000003180
10000003181
10000003182
10000003183
10000003184
10000003185
10000003186
10000003187
10000003188
10000003189
10000003190
10000003191
10000003192
10000003193
10000003194
10000003195
10000003196
10000003197
10000003198
10000003199
10000003200
10000003201
10000003202
10000003203
10000003204
10000003205
10000003206
10000003207
10000003208
10000003209
10000003210
10000003211
10000003212
10000003213
10000003214
10000003215
10000003216
10000003217
10000003218
10000003219
10000003220
10000003221
10000003222
10000003223
10000003224
10000003225
10000003226
10000003227
10000003228
10000003229
10000003230
10000003231
10000003232
10000003233
10000003234
10000003235
10000003236
10000003237
10000003238
10000003239
10000003240
10000003241
10000003242
10000003243
10000003244
10000003245
10000003246
10000003247
10000003248
10000003249
10000003250
10000003251
10000003252
10000003253
10000003254
10000003255
10000003256
10000003257
10000003258
10000003259
10000003260
10000003261
10000003262
10000003263
10000003264
10000003265
10000003266
10000003267
10000003268
10000003269
10000003270
10000003271
10000003272
10000003273
10000003274
10000003275
10000003276
10000003277
10000003278
10000003279
10000003280
10000003281
10000003282
10000003283
10000003284
10000003285
10000003286
10000003287
10000003288
10000003289
10000003290
10000003291
10000003292
10000003293
10000003294
10000003295
10000003296
10000003297
10000003298
10000003299
10000003300
10000003301
10000003302
10000003303
10000003304
10000003305
10000003306
10000003307
10000003308
10000003309
10000003310
10000003311
10000003312
10000003313
10000003314
10000003315
10000003316
10000003317
10000003318
10000003319
10000003320
10000003321
10000003322
10000003323
10000003324
10000003325
10000003326
10000003327
10000003328
10000003329
10000003330
10000003331
10000003332
10000003333
10000003334
10000003335
10000003336
10000003337
10000003338
10000003339
10000003340
10000003341
10000003342
10000003343
10000003344
10000003345
10000003346
10000003347
10000003348
10000003349
10000003350
10000003351
10000003352
10000003353
10000003354
10000003355
10000003356
10000003357
10000003358
10000003359
10000003360
10000003361
10000003362
10000003363
10000003364
10000003365
10000003366
10000003367
10000003368
10000003369
10000003370
10000003371
10000003372
10000003373
10000003374
10000003375
10000003376
10000003377
10000003378
10000003379
10000003380
10000003381
10000003382
10000003383
10000003384
10000003385
10000003386
10000003387
10000003388
10000003389
10000003390
10000003391
10000003392
10000003393
10000003394
10000003395
10000003396
10000003397
10000003398
10000003399
10000003400
10000003401
10000003402
10000003403
10000003404
10000003405
10000003406
10000003407
10000003408
10000003409
10000003410
10000003411
10000003412
10000003413
10000003414
10000003415
10000003416
10000003417
10000003418
10000003419
10000003420
10000003421
10000003422
10000003423
10000003424
10000003425
10000003426
10000003427
10000003428
10000003429
10000003430
10000003431
10000003432
10000003433
10000003434
10000003435
10000003436
10000003437
10000003438
10000003439
10000003440
10000003441
10000003442
10000003443
10000003444
10000003445
10000003446
10000003447
10000003448
10000003449
10000003450
10000003451
10000003452
10000003453
10000003454
10000003455
10000003456
10000003457
10000003458
10000003459
10000003460
10000003461
10000003462
10000003463
10000003464
10000003465
10000003466
10000003467
10000003468
10000003469
10000003470
10000003471
10000003472
10000003473
10000003474
10000003475
10000003476
10000003477
10000003478
10000003479
10000003480
10000003481
10000003482
10000003483
10000003484
10000003485
10000003486
10000003487
10000003488
10000003489
10000003490
10000003491
10000003492
10000003493
10000003494
10000003495
10000003496
10000003497
10000003498
10000003499
10000003500
10000003501
10000003502
10000003503
10000003504
10000003505
10000003506
10000003507
10000003508
10000003509
10000003510
10000003511
10000003512
10000003513
10000003514
10000003515
10000003516
10000003517
10000003518
10000003519
10000003520
10000003521
10000003522
10000003523
10000003524
10000003525
10000003526
10000003527
10000003528
10000003529
10000003530
10000003531
10000003532
10000003533
10000003534
10000003535
10000003536
10000003537
10000003538
10000003539
10000003540
10000003541
10000003542
10000003543
10000003544
10000003545
10000003546
10000003547
10000003548
10000003549
10000003550
10000003551
10000003552
10000003553
10000003554
10000003555
10000003556
10000003557
10000003558
10000003559
10000003560
10000003561
10000003562
10000003563
10000003564
10000003565
10000003566
10000003567
10000003568
10000003569
10000003570
10000003571
10000003572
10000003573
10000003574
10000003575
10000003576
10000003577
10000003578
10000003579
10000003580
10000003581
10000003582
10000003583
10000003584
10000003585
10000003586
10000003587
10000003588
10000003589
10000003590
10000003591
10000003592
10000003593
10000003594
10000003595
10000003596
10000003597
10000003598
10000003599
10000003600
10000003601
10000003602
10000003603
10000003604
10000003605
10000003606
10000003607
10000003608
10000003609
10000003610
10000003611
10000003612
10000003613
10000003614
10000003615
10000003616
10000003617
10000003618
10000003619
10000003620
10000003621
10000003622
10000003623
10000003624
10000003625
10000003626
10000003627
10000003628
10000003629
10000003630
10000003631
10000003632
10000003633
10000003634
10000003635
10000003636
10000003637
10000003638
10000003639
10000003640
10000003641
10000003642
10000003643
10000003644
10000003645
10000003646
10000003647
10000003648
10000003649
10000003650
10000003651
10000003652
10000003653
10000003654
10000003655
10000003656
10000003657
10000003658
10000003659
10000003660
10000003661
10000003662
10000003663
10000003664
10000003665
10000003666
10000003667
10000003668
10000003669
10000003670
10000003671
10000003672
10000003673
10000003674
10000003675
10000003676
10000003677
10000003678
10000003679
10000003680
10000003681
10000003682
10000003683
10000003684
10000003685
10000003686
10000003687
10000003688
10000003689
10000003690
10000003691
10000003692
10000003693
10000003694
10000003695
10000003696
10000003697
10000003698
10000003699
10000003700
10000003701
10000003702
10000003703
10000003704
10000003705
10000003706
10000003707
10000003708
10000003709
10000003710
10000003711
10000003712
10000003713
10000003714
10000003715
10000003716
10000003717
10000003718
10000003719
10000003720
10000003721
10000003722
10000003723
10000003724
10000003725
10000003726
10000003727
10000003728
10000003729
10000003730
10000003731
10000003732
10000003733
10000003734
10000003735
10000003736
10000003737
10000003738
10000003739
10000003740
10000003741
10000003742
10000003743
10000003744
10000003745
10000003746
10000003747
10000003748
10000003749
10000003750
10000003751
10000003752
10000003753
10000003754
10000003755
10000003756
10000003757
10000003758
10000003759
10000003760
10000003761
10000003762
10000003763
10000003764
10000003765
10000003766
10000003767
10000003768
10000003769
10000003770
10000003771
10000003772
10000003773
10000003774
10000003775
10000003776
10000003777
10000003778
10000003779
10000003780
10000003781
10000003782
10000003783
10000003784
10000003785
10000003786
10000003787
10000003788
10000003789
10000003790
10000003791
10000003792
10000003793
10000003794
10000003795
10000003796
10000003797
10000003798
10000003799
10000003800
10000003801
10000003802
10000003803
10000003804
10000003805
10000003806
10000003807
10000003808
10000003809
10000003810
10000003811
10000003812
10000003813
10000003814
10000003815
10000003816
10000003817
10000003818
10000003819
10000003820
10000003821
10000003822
10000003823
10000003824
10000003825
10000003826
10000003827
10000003828
10000003829
10000003830
10000003831
10000003832
10000003833
10000003834
10000003835
10000003836
10000003837
10000003838
10000003839
10000003840
10000003841
10000003842
10000003843
10000003844
10000003845
10000003846
10000003847
10000003848
10000003849
10000003850
10000003851
10000003852
10000003853
10000003854
10000003855
10000003856
10000003857
10000003858
10000003859
10000003860
10000003861
10000003862
10000003863
10000003864
10000003865
10000003866
10000003867
10000003868
10000003869
10000003870
10000003871
10000003872
10000003873
10000003874
10000003875
10000003876
10000003877
10000003878
10000003879
10000003880
10000003881
10000003882
10000003883
10000003884
10000003885
10000003886
10000003887
10000003888
10000003889
10000003890
10000003891
10000003892
10000003893
10000003894
10000003895
10000003896
10000003897
10000003898
10000003899
10000003900
10000003901
10000003902
10000003903
10000003904
10000003905
10000003906
10000003907
10000003908
10000003909
10000003910
10000003911
10000003912
10000003913
10000003914
10000003915
10000003916
10000003917
10000003918
10000003919
10000003920
10000003921
10000003922
10000003923
10000003924
10000003925
10000003926
10000003927
10000003928
10000003929
10000003930
10000003931
10000003932
10000003933
10000003934
10000003935
10000003936
10000003937
10000003938
100000