03939
10000003940
10000003941
10000003942
10000003943
10000003944
10000003945
10000003946
10000003947
10000003948
10000003949
10000003950
10000003951
10000003952
10000003953
10000003954
10000003955
10000003956
10000003957
10000003958
10000003959
10000003960
10000003961
10000003962
10000003963
10000003964
10000003965
10000003966
10000003967
10000003968
10000003969
10000003970
10000003971
10000003972
10000003973
10000003974
10000003975
10000003976
10000003977
10000003978
10000003979
10000003980
10000003981
10000003982
10000003983
10000003984
10000003985
10000003986
10000003987
10000003988
10000003989
10000003990
10000003991
10000003992
10000003993
10000003994
10000003995
10000003996
10000003997
10000003998
10000003999
10000004000
10000004001
10000004002
10000004003
10000004004
10000004005
10000004006
10000004007
10000004008
10000004009
10000004010
10000004011
10000004012
10000004013
10000004014
10000004015
10000004016
10000004017
10000004018
10000004019
10000004020
10000004021
10000004022
10000004023
10000004024
10000004025
10000004026
10000004027
10000004028
10000004029
10000004030
10000004031
10000004032
10000004033
10000004034
10000004035
10000004036
10000004037
10000004038
10000004039
10000004040
10000004041
10000004042
10000004043
10000004044
10000004045
10000004046
10000004047
10000004048
10000004049
10000004050
10000004051
10000004052
10000004053
10000004054
10000004055
10000004056
10000004057
10000004058
10000004059
10000004060
10000004061
10000004062
10000004063
10000004064
10000004065
10000004066
10000004067
10000004068
10000004069
10000004070
10000004071
10000004072
10000004073
10000004074
10000004075
10000004076
10000004077
10000004078
10000004079
10000004080
10000004081
10000004082
10000004083
10000004084
10000004085
10000004086
10000004087
10000004088
10000004089
10000004090
10000004091
10000004092
10000004093
10000004094
10000004095
10000004096
10000004097
10000004098
10000004099
10000004100
10000004101
10000004102
10000004103
10000004104
10000004105
10000004106
10000004107
10000004108
10000004109
10000004110
10000004111
10000004112
10000004113
10000004114
10000004115
10000004116
10000004117
10000004118
10000004119
10000004120
10000004121
10000004122
10000004123
10000004124
10000004125
10000004126
10000004127
10000004128
10000004129
10000004130
10000004131
10000004132
10000004133
10000004134
10000004135
10000004136
10000004137
10000004138
10000004139
10000004140
10000004141
10000004142
10000004143
10000004144
10000004145
10000004146
10000004147
10000004148
10000004149
10000004150
10000004151
10000004152
10000004153
10000004154
10000004155
10000004156
10000004157
10000004158
10000004159
10000004160
10000004161
10000004162
10000004163
10000004164
10000004165
10000004166
10000004167
10000004168
10000004169
10000004170
10000004171
10000004172
10000004173
10000004174
10000004175
10000004176
10000004177
10000004178
10000004179
10000004180
10000004181
10000004182
10000004183
10000004184
10000004185
10000004186
10000004187
10000004188
10000004189
10000004190
10000004191
10000004192
10000004193
10000004194
10000004195
10000004196
10000004197
10000004198
10000004199
10000004200
10000004201
10000004202
10000004203
10000004204
10000004205
10000004206
10000004207
10000004208
10000004209
10000004210
10000004211
10000004212
10000004213
10000004214
10000004215
10000004216
10000004217
10000004218
10000004219
10000004220
10000004221
10000004222
10000004223
10000004224
10000004225
10000004226
10000004227
10000004228
10000004229
10000004230
10000004231
10000004232
10000004233
10000004234
10000004235
10000004236
10000004237
10000004238
10000004239
10000004240
10000004241
10000004242
10000004243
10000004244
10000004245
10000004246
10000004247
10000004248
10000004249
10000004250
10000004251
10000004252
10000004253
10000004254
10000004255
10000004256
10000004257
10000004258
10000004259
10000004260
10000004261
10000004262
10000004263
10000004264
10000004265
10000004266
10000004267
10000004268
10000004269
10000004270
10000004271
10000004272
10000004273
10000004274
10000004275
10000004276
10000004277
10000004278
10000004279
10000004280
10000004281
10000004282
10000004283
10000004284
10000004285
10000004286
10000004287
10000004288
10000004289
10000004290
10000004291
10000004292
10000004293
10000004294
10000004295
10000004296
10000004297
10000004298
10000004299
10000004300
10000004301
10000004302
10000004303
10000004304
10000004305
10000004306
10000004307
10000004308
10000004309
10000004310
10000004311
10000004312
10000004313
10000004314
10000004315
10000004316
10000004317
10000004318
10000004319
10000004320
10000004321
10000004322
10000004323
10000004324
10000004325
10000004326
10000004327
10000004328
10000004329
10000004330
10000004331
10000004332
10000004333
10000004334
10000004335
10000004336
10000004337
10000004338
10000004339
10000004340
10000004341
10000004342
10000004343
10000004344
10000004345
10000004346
10000004347
10000004348
10000004349
10000004350
10000004351
10000004352
10000004353
10000004354
10000004355
10000004356
10000004357
10000004358
10000004359
10000004360
10000004361
10000004362
10000004363
10000004364
10000004365
10000004366
10000004367
10000004368
10000004369
10000004370
10000004371
10000004372
10000004373
10000004374
10000004375
10000004376
10000004377
10000004378
10000004379
10000004380
10000004381
10000004382
10000004383
10000004384
10000004385
10000004386
10000004387
10000004388
10000004389
10000004390
10000004391
10000004392
10000004393
10000004394
10000004395
10000004396
10000004397
10000004398
10000004399
10000004400
10000004401
10000004402
10000004403
10000004404
10000004405
10000004406
10000004407
10000004408
10000004409
10000004410
10000004411
10000004412
10000004413
10000004414
10000004415
10000004416
10000004417
10000004418
10000004419
10000004420
10000004421
10000004422
10000004423
10000004424
10000004425
10000004426
10000004427
10000004428
10000004429
10000004430
10000004431
10000004432
10000004433
10000004434
10000004435
10000004436
10000004437
10000004438
10000004439
10000004440
10000004441
10000004442
10000004443
10000004444
10000004445
10000004446
10000004447
10000004448
10000004449
10000004450
10000004451
10000004452
10000004453
10000004454
10000004455
10000004456
10000004457
10000004458
10000004459
10000004460
10000004461
10000004462
10000004463
10000004464
10000004465
10000004466
10000004467
10000004468
10000004469
10000004470
10000004471
10000004472
10000004473
10000004474
10000004475
10000004476
10000004477
10000004478
10000004479
10000004480
10000004481
10000004482
10000004483
10000004484
10000004485
10000004486
10000004487
10000004488
10000004489
10000004490
10000004491
10000004492
10000004493
10000004494
10000004495
10000004496
10000004497
10000004498
10000004499
10000004500
10000004501
10000004502
10000004503
10000004504
10000004505
10000004506
10000004507
10000004508
10000004509
10000004510
10000004511
10000004512
10000004513
10000004514
10000004515
10000004516
10000004517
10000004518
10000004519
10000004520
10000004521
10000004522
10000004523
10000004524
10000004525
10000004526
10000004527
10000004528
10000004529
10000004530
10000004531
10000004532
10000004533
10000004534
10000004535
10000004536
10000004537
10000004538
10000004539
10000004540
10000004541
10000004542
10000004543
10000004544
10000004545
10000004546
10000004547
10000004548
10000004549
10000004550
10000004551
10000004552
10000004553
10000004554
10000004555
10000004556
10000004557
10000004558
10000004559
10000004560
10000004561
10000004562
10000004563
10000004564
10000004565
10000004566
10000004567
10000004568
10000004569
10000004570
10000004571
10000004572
10000004573
10000004574
10000004575
10000004576
10000004577
10000004578
10000004579
10000004580
10000004581
10000004582
10000004583
10000004584
10000004585
10000004586
10000004587
10000004588
10000004589
10000004590
10000004591
10000004592
10000004593
10000004594
10000004595
10000004596
10000004597
10000004598
10000004599
10000004600
10000004601
10000004602
10000004603
10000004604
10000004605
10000004606
10000004607
10000004608
10000004609
10000004610
10000004611
10000004612
10000004613
10000004614
10000004615
10000004616
10000004617
10000004618
10000004619
10000004620
10000004621
10000004622
10000004623
10000004624
10000004625
10000004626
10000004627
10000004628
10000004629
10000004630
10000004631
10000004632
10000004633
10000004634
10000004635
10000004636
10000004637
10000004638
10000004639
10000004640
10000004641
10000004642
10000004643
10000004644
10000004645
10000004646
10000004647
10000004648
10000004649
10000004650
10000004651
10000004652
10000004653
10000004654
10000004655
10000004656
10000004657
10000004658
10000004659
10000004660
10000004661
10000004662
10000004663
10000004664
10000004665
10000004666
10000004667
10000004668
10000004669
10000004670
10000004671
10000004672
10000004673
10000004674
10000004675
10000004676
10000004677
10000004678
10000004679
10000004680
10000004681
10000004682
10000004683
10000004684
10000004685
10000004686
10000004687
10000004688
10000004689
10000004690
10000004691
10000004692
10000004693
10000004694
10000004695
10000004696
10000004697
10000004698
10000004699
10000004700
10000004701
10000004702
10000004703
10000004704
10000004705
10000004706
10000004707
10000004708
10000004709
10000004710
10000004711
10000004712
10000004713
10000004714
10000004715
10000004716
10000004717
10000004718
10000004719
10000004720
10000004721
10000004722
10000004723
10000004724
10000004725
10000004726
10000004727
10000004728
10000004729
10000004730
10000004731
10000004732
10000004733
10000004734
10000004735
10000004736
10000004737
10000004738
10000004739
10000004740
10000004741
10000004742
10000004743
10000004744
10000004745
10000004746
10000004747
10000004748
10000004749
10000004750
10000004751
10000004752
10000004753
10000004754
10000004755
10000004756
10000004757
10000004758
10000004759
10000004760
10000004761
10000004762
10000004763
10000004764
10000004765
10000004766
10000004767
10000004768
10000004769
10000004770
10000004771
10000004772
10000004773
10000004774
10000004775
10000004776
10000004777
10000004778
10000004779
10000004780
10000004781
10000004782
10000004783
10000004784
10000004785
10000004786
10000004787
10000004788
10000004789
10000004790
10000004791
10000004792
10000004793
10000004794
10000004795
10000004796
10000004797
10000004798
10000004799
10000004800
10000004801
10000004802
10000004803
10000004804
10000004805
10000004806
10000004807
10000004808
10000004809
10000004810
10000004811
10000004812
10000004813
10000004814
10000004815
10000004816
10000004817
10000004818
10000004819
10000004820
10000004821
10000004822
10000004823
10000004824
10000004825
10000004826
10000004827
10000004828
10000004829
10000004830
10000004831
10000004832
10000004833
10000004834
10000004835
10000004836
10000004837
10000004838
10000004839
10000004840
10000004841
10000004842
10000004843
10000004844
10000004845
10000004846
10000004847
10000004848
10000004849
10000004850
10000004851
10000004852
10000004853
10000004854
10000004855
10000004856
10000004857
10000004858
10000004859
10000004860
10000004861
10000004862
10000004863
10000004864
10000004865
10000004866
10000004867
10000004868
10000004869
10000004870
10000004871
10000004872
10000004873
10000004874
10000004875
10000004876
10000004877
10000004878
10000004879
10000004880
10000004881
10000004882
10000004883
10000004884
10000004885
10000004886
10000004887
10000004888
10000004889
10000004890
10000004891
10000004892
10000004893
10000004894
10000004895
10000004896
10000004897
10000004898
10000004899
10000004900
10000004901
10000004902
10000004903
10000004904
10000004905
10000004906
10000004907
10000004908
10000004909
10000004910
10000004911
10000004912
10000004913
10000004914
10000004915
10000004916
10000004917
10000004918
10000004919
10000004920
10000004921
10000004922
10000004923
10000004924
10000004925
10000004926
10000004927
10000004928
10000004929
10000004930
10000004931
10000004932
10000004933
10000004934
10000004935
10000004936
10000004937
10000004938
10000004939
10000004940
10000004941
10000004942
10000004943
10000004944
10000004945
10000004946
10000004947
10000004948
10000004949
10000004950
10000004951
10000004952
10000004953
10000004954
10000004955
10000004956
10000004957
10000004958
10000004959
10000004960
10000004961
10000004962
10000004963
10000004964
10000004965
10000004966
10000004967
10000004968
10000004969
10000004970
10000004971
10000004972
10000004973
10000004974
10000004975
10000004976
10000004977
10000004978
10000004979
10000004980
10000004981
10000004982
10000004983
10000004984
10000004985
10000004986
10000004987
10000004988
10000004989
10000004990
10000004991
10000004992
10000004993
10000004994
10000004995
10000004996
10000004997
10000004998
10000004999
10000005000
10000005001
10000005002
10000005003
10000005004
10000005005
10000005006
10000005007
10000005008
10000005009
10000005010
10000005011
10000005012
10000005013
10000005014
10000005015
10000005016
10000005017
10000005018
10000005019
10000005020
10000005021
10000005022
10000005023
10000005024
10000005025
10000005026
10000005027
10000005028
10000005029
10000005030
10000005031
10000005032
10000005033
10000005034
10000005035
10000005036
10000005037
10000005038
10000005039
10000005040
10000005041
10000005042
10000005043
10000005044
10000005045
10000005046
10000005047
10000005048
10000005049
10000005050
10000005051
10000005052
10000005053
10000005054
10000005055
10000005056
10000005057
10000005058
10000005059
10000005060
10000005061
10000005062
10000005063
10000005064
10000005065
10000005066
10000005067
10000005068
10000005069
10000005070
10000005071
10000005072
10000005073
10000005074
10000005075
10000005076
10000005077
10000005078
10000005079
10000005080
10000005081
10000005082
10000005083
10000005084
10000005085
10000005086
10000005087
10000005088
10000005089
10000005090
10000005091
10000005092
10000005093
10000005094
10000005095
10000005096
10000005097
10000005098
10000005099
10000005100
10000005101
10000005102
10000005103
10000005104
10000005105
10000005106
10000005107
10000005108
10000005109
10000005110
10000005111
10000005112
10000005113
10000005114
10000005115
10000005116
10000005117
10000005118
10000005119
10000005120
10000005121
10000005122
10000005123
10000005124
10000005125
10000005126
10000005127
10000005128
10000005129
10000005130
10000005131
10000005132
10000005133
10000005134
10000005135
10000005136
10000005137
10000005138
10000005139
10000005140
10000005141
10000005142
10000005143
10000005144
10000005145
10000005146
10000005147
10000005148
10000005149
10000005150
10000005151
10000005152
10000005153
10000005154
10000005155
10000005156
10000005157
10000005158
10000005159
10000005160
10000005161
10000005162
10000005163
10000005164
10000005165
10000005166
10000005167
10000005168
10000005169
10000005170
10000005171
10000005172
10000005173
10000005174
10000005175
10000005176
10000005177
10000005178
10000005179
10000005180
10000005181
10000005182
10000005183
10000005184
10000005185
10000005186
10000005187
10000005188
10000005189
10000005190
10000005191
10000005192
10000005193
10000005194
10000005195
10000005196
10000005197
10000005198
10000005199
10000005200
10000005201
10000005202
10000005203
10000005204
10000005205
10000005206
10000005207
10000005208
10000005209
10000005210
10000005211
10000005212
10000005213
10000005214
10000005215
10000005216
10000005217
10000005218
10000005219
10000005220
10000005221
10000005222
10000005223
10000005224
10000005225
10000005226
10000005227
10000005228
10000005229
10000005230
10000005231
10000005232
10000005233
10000005234
10000005235
10000005236
10000005237
10000005238
10000005239
10000005240
10000005241
10000005242
10000005243
10000005244
10000005245
10000005246
10000005247
10000005248
10000005249
10000005250
10000005251
10000005252
10000005253
10000005254
10000005255
10000005256
10000005257
10000005258
10000005259
10000005260
10000005261
10000005262
10000005263
10000005264
10000005265
10000005266
10000005267
10000005268
10000005269
10000005270
10000005271
10000005272
10000005273
10000005274
10000005275
10000005276
10000005277
10000005278
10000005279
10000005280
10000005281
10000005282
10000005283
10000005284
10000005285
10000005286
10000005287
10000005288
10000005289
10000005290
10000005291
10000005292
10000005293
10000005294
10000005295
10000005296
10000005297
10000005298
10000005299
10000005300
10000005301
10000005302
10000005303
10000005304
10000005305
10000005306
10000005307
10000005308
10000005309
10000005310
10000005311
10000005312
10000005313
10000005314
10000005315
10000005316
10000005317
10000005318
10000005319
10000005320
10000005321
10000005322
10000005323
10000005324
10000005325
10000005326
10000005327
10000005328
10000005329
10000005330
10000005331
10000005332
10000005333
10000005334
10000005335
10000005336
10000005337
10000005338
10000005339
10000005340
10000005341
10000005342
10000005343
10000005344
10000005345
10000005346
10000005347
10000005348
10000005349
10000005350
10000005351
10000005352
10000005353
10000005354
10000005355
10000005356
10000005357
10000005358
10000005359
10000005360
10000005361
10000005362
10000005363
10000005364
10000005365
10000005366
10000005367
10000005368
10000005369
10000005370
10000005371
10000005372
10000005373
10000005374
10000005375
10000005376
10000005377
10000005378
10000005379
10000005380
10000005381
10000005382
10000005383
10000005384
10000005385
10000005386
10000005387
10000005388
10000005389
10000005390
10000005391
10000005392
10000005393
10000005394
10000005395
10000005396
10000005397
10000005398
10000005399
10000005400
10000005401
10000005402
10000005403
10000005404
10000005405
10000005406
10000005407
10000005408
10000005409
10000005410
10000005411
10000005412
10000005413
10000005414
10000005415
10000005416
10000005417
10000005418
10000005419
10000005420
10000005421
10000005422
10000005423
10000005424
10000005425
10000005426
10000005427
10000005428
10000005429
10000005430
10000005431
10000005432
10000005433
10000005434
10000005435
10000005436
10000005437
10000005438
10000005439
10000005440
10000005441
10000005442
10000005443
10000005444
10000005445
10000005446
10000005447
10000005448
10000005449
10000005450
10000005451
10000005452
10000005453
10000005454
10000005455
10000005456
10000005457
10000005458
10000005459
10000005460
10000005461
10000005462
10000005463
10000005464
10000005465
10000005466
10000005467
10000005468
10000005469
10000005470
10000005471
10000005472
10000005473
10000005474
10000005475
10000005476
10000005477
10000005478
10000005479
10000005480
10000005481
10000005482
10000005483
10000005484
10000005485
10000005486
10000005487
10000005488
10000005489
10000005490
10000005491
10000005492
10000005493
10000005494
10000005495
10000005496
10000005497
10000005498
10000005499
10000005500
10000005501
10000005502
10000005503
10000005504
10000005505
10000005506
10000005507
10000005508
10000005509
10000005510
10000005511
10000005512
10000005513
10000005514
10000005515
10000005516
10000005517
10000005518
10000005519
10000005520
10000005521
10000005522
10000005523
10000005524
10000005525
10000005526
10000005527
10000005528
10000005529
10000005530
10000005531
10000005532
10000005533
10000005534
10000005535
10000005536
10000005537
10000005538
10000005539
10000005540
10000005541
10000005542
10000005543
10000005544
10000005545
10000005546
10000005547
10000005548
10000005549
10000005550
10000005551
10000005552
10000005553
10000005554
10000005555
10000005556
10000005557
10000005558
10000005559
10000005560
10000005561
10000005562
10000005563
10000005564
10000005565
10000005566
10000005567
10000005568
10000005569
10000005570
10000005571
10000005572
10000005573
10000005574
10000005575
10000005576
10000005577
10000005578
10000005579
10000005580
10000005581
10000005582
10000005583
10000005584
10000005585
10000005586
10000005587
10000005588
10000005589
10000005590
10000005591
10000005592
10000005593
10000005594
10000005595
10000005596
10000005597
10000005598
10000005599
10000005600
10000005601
10000005602
10000005603
10000005604
10000005605
10000005606
10000005607
10000005608
10000005609
10000005610
10000005611
10000005612
10000005613
10000005614
10000005615
10000005616
10000005617
10000005618
10000005619
10000005620
10000005621
10000005622
10000005623
10000005624
10000005625
10000005626
10000005627
10000005628
10000005629
10000005630
10000005631
10000005632
10000005633
10000005634
10000005635
10000005636
10000005637
10000005638
10000005639
10000005640
10000005641
10000005642
10000005643
10000005644
10000005645
10000005646
10000005647
10000005648
10000005649
10000005650
10000005651
10000005652
10000005653
10000005654
10000005655
10000005656
10000005657
10000005658
10000005659
10000005660
10000005661
10000005662
10000005663
10000005664
10000005665
10000005666
10000005667
10000005668
10000005669
10000005670
10000005671
10000005672
10000005673
10000005674
10000005675
10000005676
10000005677
10000005678
10000005679
10000005680
10000005681
10000005682
10000005683
10000005684
10000005685
10000005686
10000005687
10000005688
10000005689
10000005690
10000005691
10000005692
10000005693
10000005694
10000005695
10000005696
10000005697
10000005698
10000005699
10000005700
10000005701
10000005702
10000005703
10000005704
10000005705
10000005706
10000005707
10000005708
10000005709
10000005710
10000005711
10000005712
10000005713
10000005714
10000005715
10000005716
10000005717
10000005718
10000005719
10000005720
10000005721
10000005722
10000005723
10000005724
10000005725
10000005726
10000005727
10000005728
10000005729
10000005730
10000005731
10000005732
10000005733
10000005734
10000005735
10000005736
10000005737
10000005738
10000005739
10000005740
10000005741
10000005742
10000005743
10000005744
10000005745
10000005746
10000005747
10000005748
10000005749
10000005750
10000005751
10000005752
10000005753
10000005754
10000005755
10000005756
10000005757
10000005758
10000005759
10000005760
10000005761
10000005762
10000005763
10000005764
10000005765
10000005766
10000005767
10000005768
10000005769
10000005770
10000005771
10000005772
10000005773
10000005774
10000005775
10000005776
10000005777
10000005778
10000005779
10000005780
10000005781
10000005782
10000005783
10000005784
10000005785
10000005786
10000005787
10000005788
10000005789
10000005790
10000005791
10000005792
10000005793
10000005794
10000005795
10000005796
10000005797
10000005798
10000005799
10000005800
10000005801
10000005802
10000005803
10000005804
10000005805
10000005806
10000005807
10000005808
10000005809
10000005810
10000005811
10000005812
10000005813
10000005814
10000005815
10000005816
10000005817
10000005818
10000005819
10000005820
10000005821
10000005822
10000005823
10000005824
10000005825
10000005826
10000005827
10000005828
10000005829
10000005830
10000005831
10000005832
10000005833
10000005834
10000005835
10000005836
10000005837
10000005838
10000005839
10000005840
10000005841
10000005842
10000005843
10000005844
10000005845
10000005846
10000005847
10000005848
10000005849
10000005850
10000005851
10000005852
10000005853
10000005854
10000005855
10000005856
10000005857
10000005858
10000005859
10000005860
10000005861
10000005862
10000005863
10000005864
10000005865
10000005866
10000005867
10000005868
10000005869
10000005870
10000005871
10000005872
10000005873
10000005874
10000005875
10000005876
10000005877
10000005878
10000005879
10000005880
10000005881
10000005882
10000005883
10000005884
10000005885
10000005886
10000005887
10000005888
10000005889
10000005890
10000005891
10000005892
10000005893
10000005894
10000005895
10000005896
10000005897
10000005898
10000005899
10000005900
10000005901
10000005902
10000005903
10000005904
10000005905
10000005906
10000005907
10000005908
10000005909
10000005910
10000005911
10000005912
10000005913
10000005914
10000005915
10000005916
10000005917
10000005918
10000005919
10000005920
10000005921
10000005922
10000005923
10000005924
10000005925
10000005926
10000005927
10000005928
10000005929
10000005930
10000005931
10000005932
10000005933
10000005934
10000005935
10000005936
10000005937
10000005938
10000005939
10000005940
10000005941
10000005942
10000005943
10000005944
10000005945
10000005946
10000005947
10000005948
10000005949
10000005950
10000005951
10000005952
10000005953
10000005954
10000005955
10000005956
10000005957
10000005958
10000005959
10000005960
10000005961
10000005962
10000005963
10000005964
10000005965
10000005966
10000005967
10000005968
10000005969
10000005970
10000005971
10000005972
10000005973
10000005974
10000005975
10000005976
10000005977
10000005978
10000005979
10000005980
10000005981
10000005982
10000005983
10000005984
10000005985
10000005986
10000005987
10000005988
10000005989
10000005990
10000005991
10000005992
10000005993
10000005994
10000005995
10000005996
10000005997
10000005998
10000005999
10000006000
10000006001
10000006002
10000006003
10000006004
10000006005
10000006006
10000006007
10000006008
10000006009
10000006010
10000006011
10000006012
10000006013
10000006014
10000006015
10000006016
10000006017
10000006018
10000006019
10000006020
10000006021
10000006022
10000006023
10000006024
10000006025
10000006026
10000006027
10000006028
10000006029
10000006030
10000006031
10000006032
10000006033
10000006034
10000006035
10000006036
10000006037
10000006038
10000006039
10000006040
10000006041
10000006042
10000006043
10000006044
10000006045
10000006046
10000006047
10000006048
10000006049
10000006050
10000006051
10000006052
10000006053
10000006054
10000006055
10000006056
10000006057
10000006058
10000006059
10000006060
10000006061
10000006062
10000006063
10000006064
10000006065
10000006066
10000006067
10000006068
10000006069
10000006070
10000006071
10000006072
10000006073
10000006074
10000006075
10000006076
10000006077
10000006078
10000006079
10000006080
10000006081
10000006082
10000006083
10000006084
10000006085
10000006086
10000006087
10000006088
10000006089
10000006090
10000006091
10000006092
10000006093
10000006094
10000006095
10000006096
10000006097
10000006098
10000006099
10000006100
10000006101
10000006102
10000006103
10000006104
10000006105
10000006106
10000006107
10000006108
10000006109
10000006110
10000006111
10000006112
10000006113
10000006114
10000006115
10000006116
10000006117
10000006118
10000006119
10000006120
10000006121
10000006122
10000006123
10000006124
10000006125
10000006126
10000006127
10000006128
10000006129
10000006130
10000006131
10000006132
10000006133
10000006134
10000006135
10000006136
10000006137
10000006138
10000006139
10000006140
10000006141
10000006142
10000006143
10000006144
10000006145
10000006146
10000006147
10000006148
10000006149
10000006150
10000006151
10000006152
10000006153
10000006154
10000006155
10000006156
10000006157
10000006158
10000006159
10000006160
10000006161
10000006162
10000006163
10000006164
10000006165
10000006166
10000006167
10000006168
10000006169
10000006170
10000006171
10000006172
10000006173
10000006174
10000006175
10000006176
10000006177
10000006178
10000006179
10000006180
10000006181
10000006182
10000006183
10000006184
10000006185
10000006186
10000006187
10000006188
10000006189
10000006190
10000006191
10000006192
10000006193
10000006194
10000006195
10000006196
10000006197
10000006198
10000006199
10000006200
10000006201
10000006202
10000006203
10000006204
10000006205
10000006206
10000006207
10000006208
10000006209
10000006210
10000006211
10000006212
10000006213
10000006214
10000006215
10000006216
10000006217
10000006218
10000006219
10000006220
10000006221
10000006222
10000006223
10000006224
10000006225
10000006226
10000006227
10000006228
10000006229
10000006230
10000006231
10000006232
10000006233
10000006234
10000006235
10000006236
10000006237
10000006238
10000006239
10000006240
10000006241
10000006242
10000006243
10000006244
10000006245
10000006246
10000006247
10000006248
10000006249
10000006250
10000006251
10000006252
10000006253
10000006254
10000006255
10000006256
10000006257
10000006258
10000006259
10000006260
10000006261
10000006262
10000006263
10000006264
10000006265
10000006266
10000006267
10000006268
10000006269
10000006270
10000006271
10000006272
10000006273
10000006274
10000006275
10000006276
10000006277
10000006278
10000006279
10000006280
10000006281
10000006282
10000006283
10000006284
10000006285
10000006286
10000006287
10000006288
10000006289
10000006290
10000006291
10000006292
10000006293
10000006294
10000006295
10000006296
10000006297
10000006298
10000006299
10000006300
10000006301
10000006302
10000006303
10000006304
10000006305
10000006306
10000006307
10000006308
10000006309
10000006310
10000006311
10000006312
10000006313
10000006314
10000006315
10000006316
10000006317
10000006318
10000006319
10000006320
10000006321
10000006322
10000006323
10000006324
10000006325
10000006326
10000006327
10000006328
10000006329
10000006330
10000006331
10000006332
10000006333
10000006334
10000006335
10000006336
10000006337
10000006338
10000006339
10000006340
10000006341
10000006342
10000006343
10000006344
10000006345
10000006346
10000006347
10000006348
10000006349
10000006350
10000006351
10000006352
10000006353
10000006354
10000006355
10000006356
10000006357
10000006358
10000006359
10000006360
10000006361
10000006362
10000006363
10000006364
10000006365
10000006366
10000006367
10000006368
10000006369
10000006370
10000006371
10000006372
10000006373
10000006374
10000006375
10000006376
10000006377
10000006378
10000006379
10000006380
10000006381
10000006382
10000006383
10000006384
10000006385
10000006386
10000006387
10000006388
10000006389
10000006390
10000006391
10000006392
10000006393
10000006394
10000006395
10000006396
10000006397
10000006398
10000006399
10000006400
10000006401
10000006402
10000006403
10000006404
10000006405
10000006406
10000006407
10000006408
10000006409
10000006410
10000006411
10000006412
10000006413
10000006414
10000006415
10000006416
10000006417
10000006418
10000006419
10000006420
10000006421
10000006422
10000006423
10000006424
10000006425
10000006426
10000006427
10000006428
10000006429
10000006430
10000006431
10000006432
10000006433
10000006434
10000006435
10000006436
10000006437
10000006438
10000006439
10000006440
10000006441
10000006442
10000006443
10000006444
10000006445
10000006446
10000006447
10000006448
10000006449
10000006450
10000006451
10000006452
10000006453
10000006454
10000006455
10000006456
10000006457
10000006458
10000006459
10000006460
10000006461
10000006462
10000006463
10000006464
10000006465
10000006466
10000006467
10000006468
10000006469
10000006470
10000006471
10000006472
10000006473
10000006474
10000006475
10000006476
10000006477
10000006478
10000006479
10000006480
10000006481
10000006482
10000006483
10000006484
10000006485
10000006486
10000006487
10000006488
10000006489
10000006490
10000006491
10000006492
10000006493
10000006494
10000006495
10000006496
10000006497
10000006498
10000006499
10000006500
10000006501
10000006502
10000006503
10000006504
10000006505
10000006506
10000006507
10000006508
10000006509
10000006510
10000006511
10000006512
10000006513
10000006514
10000006515
10000006516
10000006517
10000006518
10000006519
10000006520
10000006521
10000006522
10000006523
10000006524
10000006525
10000006526
10000006527
10000006528
10000006529
10000006530
10000006531
10000006532
10000006533
10000006534
10000006535
10000006536
10000006537
10000006538
10000006539
10000006540
10000006541
10000006542
10000006543
10000006544
10000006545
10000006546
10000006547
10000006548
10000006549
10000006550
10000006551
10000006552
10000006553
10000006554
10000006555
10000006556
10000006557
10000006558
10000006559
10000006560
10000006561
10000006562
10000006563
10000006564
10000006565
10000006566
10000006567
10000006568
10000006569
10000006570
10000006571
10000006572
10000006573
10000006574
10000006575
10000006576
10000006577
10000006578
10000006579
10000006580
10000006581
10000006582
10000006583
10000006584
10000006585
10000006586
10000006587
10000006588
10000006589
10000006590
10000006591
10000006592
10000006593
10000006594
10000006595
10000006596
10000006597
10000006598
10000006599
10000006600
10000006601
10000006602
10000006603
10000006604
10000006605
10000006606
10000006607
10000006608
10000006609
10000006610
10000006611
10000006612
10000006613
10000006614
10000006615
10000006616
10000006617
10000006618
10000006619
10000006620
10000006621
10000006622
10000006623
10000006624
10000006625
10000006626
10000006627
10000006628
10000006629
10000006630
10000006631
10000006632
10000006633
10000006634
10000006635
10000006636
10000006637
10000006638
10000006639
10000006640
10000006641
10000006642
10000006643
10000006644
10000006645
10000006646
10000006647
10000006648
10000006649
10000006650
10000006651
10000006652
10000006653
10000006654
10000006655
10000006656
10000006657
10000006658
10000006659
10000006660
10000006661
10000006662
10000006663
10000006664
10000006665
10000006666
10000006667
10000006668
10000006669
10000006670
10000006671
10000006672
10000006673
10000006674
10000006675
10000006676
10000006677
10000006678
10000006679
10000006680
10000006681
10000006682
10000006683
10000006684
10000006685
10000006686
10000006687
10000006688
10000006689
10000006690
10000006691
10000006692
10000006693
10000006694
10000006695
10000006696
10000006697
10000006698
10000006699
10000006700
10000006701
10000006702
10000006703
10000006704
10000006705
10000006706
10000006707
10000006708
10000006709
10000006710
10000006711
10000006712
10000006713
10000006714
10000006715
10000006716
10000006717
10000006718
10000006719
10000006720
10000006721
10000006722
10000006723
10000006724
10000006725
10000006726
10000006727
10000006728
10000006729
10000006730
10000006731
10000006732
10000006733
10000006734
10000006735
10000006736
10000006737
10000006738
10000006739
10000006740
10000006741
10000006742
10000006743
10000006744
10000006745
10000006746
10000006747
10000006748
10000006749
10000006750
10000006751
10000006752
10000006753
10000006754
10000006755
10000006756
10000006757
10000006758
10000006759
10000006760
10000006761
10000006762
10000006763
10000006764
10000006765
10000006766
10000006767
10000006768
10000006769
10000006770
10000006771
10000006772
10000006773
10000006774
10000006775
10000006776
10000006777
10000006778
10000006779
10000006780
10000006781
10000006782
10000006783
10000006784
10000006785
10000006786
10000006787
10000006788
10000006789
10000006790
10000006791
10000006792
10000006793
10000006794
10000006795
10000006796
10000006797
10000006798
10000006799
10000006800
10000006801
10000006802
10000006803
10000006804
10000006805
10000006806
10000006807
10000006808
10000006809
10000006810
10000006811
10000006812
10000006813
10000006814
10000006815
10000006816
10000006817
10000006818
10000006819
10000006820
10000006821
10000006822
10000006823
10000006824
10000006825
10000006826
10000006827
10000006828
10000006829
10000006830
10000006831
10000006832
10000006833
10000006834
10000006835
10000006836
10000006837
10000006838
10000006839
10000006840
10000006841
10000006842
10000006843
10000006844
10000006845
10000006846
10000006847
10000006848
10000006849
10000006850
10000006851
10000006852
10000006853
10000006854
10000006855
10000006856
10000006857
10000006858
10000006859
10000006860
10000006861
10000006862
10000006863
10000006864
10000006865
10000006866
10000006867
10000006868
10000006869
10000006870
10000006871
10000006872
10000006873
10000006874
10000006875
10000006876
10000006877
10000006878
10000006879
10000006880
10000006881
10000006882
10000006883
10000006884
10000006885
10000006886
10000006887
10000006888
10000006889
10000006890
10000006891
10000006892
10000006893
10000006894
10000006895
10000006896
10000006897
10000006898
10000006899
10000006900
10000006901
10000006902
10000006903
10000006904
10000006905
10000006906
10000006907
10000006908
10000006909
10000006910
10000006911
10000006912
10000006913
10000006914
10000006915
10000006916
10000006917
10000006918
10000006919
10000006920
10000006921
10000006922
10000006923
10000006924
10000006925
10000006926
10000006927
10000006928
10000006929
10000006930
10000006931
10000006932
10000006933
10000006934
10000006935
10000006936
10000006937
10000006938
10000006939
10000006940
10000006941
10000006942
10000006943
10000006944
10000006945
10000006946
10000006947
10000006948
10000006949
10000006950
10000006951
10000006952
10000006953
10000006954
10000006955
10000006956
10000006957
10000006958
10000006959
10000006960
10000006961
10000006962
10000006963
10000006964
10000006965
10000006966
10000006967
10000006968
10000006969
10000006970
10000006971
10000006972
10000006973
10000006974
10000006975
10000006976
10000006977
10000006978
10000006979
10000006980
10000006981
10000006982
10000006983
10000006984
10000006985
10000006986
10000006987
10000006988
10000006989
10000006990
10000006991
10000006992
10000006993
10000006994
10000006995
10000006996
10000006997
10000006998
10000006999
10000007000
10000007001
10000007002
10000007003
10000007004
10000007005
10000007006
10000007007
10000007008
10000007009
10000007010
10000007011
10000007012
10000007013
10000007014
10000007015
10000007016
10000007017
10000007018
10000007019
10000007020
10000007021
10000007022
10000007023
10000007024
10000007025
10000007026
10000007027
10000007028
10000007029
10000007030
10000007031
10000007032
10000007033
10000007034
10000007035
10000007036
10000007037
10000007038
10000007039
10000007040
10000007041
10000007042
10000007043
10000007044
10000007045
10000007046
10000007047
10000007048
10000007049
10000007050
10000007051
10000007052
10000007053
10000007054
10000007055
10000007056
10000007057
10000007058
10000007059
10000007060
10000007061
10000007062
10000007063
10000007064
10000007065
10000007066
10000007067
10000007068
10000007069
10000007070
10000007071
10000007072
10000007073
10000007074
10000007075
10000007076
10000007077
10000007078
10000007079
10000007080
10000007081
10000007082
10000007083
10000007084
10000007085
10000007086
10000007087
10000007088
10000007089
10000007090
10000007091
10000007092
10000007093
10000007094
10000007095
10000007096
10000007097
10000007098
10000007099
10000007100
10000007101
10000007102
10000007103
10000007104
10000007105
10000007106
10000007107
10000007108
10000007109
10000007110
10000007111
10000007112
10000007113
10000007114
10000007115
10000007116
10000007117
10000007118
10000007119
10000007120
10000007121
10000007122
10000007123
10000007124
10000007125
10000007126
10000007127
10000007128
10000007129
10000007130
10000007131
10000007132
10000007133
10000007134
10000007135
10000007136
10000007137
10000007138
10000007139
10000007140
10000007141
10000007142
10000007143
10000007144
10000007145
10000007146
10000007147
10000007148
10000007149
10000007150
10000007151
10000007152
10000007153
10000007154
10000007155
10000007156
10000007157
10000007158
10000007159
10000007160
10000007161
10000007162
10000007163
10000007164
10000007165
10000007166
10000007167
10000007168
10000007169
10000007170
10000007171
10000007172
10000007173
10000007174
10000007175
10000007176
10000007177
10000007178
10000007179
10000007180
10000007181
10000007182
10000007183
10000007184
10000007185
10000007186
10000007187
10000007188
10000007189
10000007190
10000007191
10000007192
10000007193
10000007194
10000007195
10000007196
10000007197
10000007198
10000007199
10000007200
10000007201
10000007202
10000007203
10000007204
10000007205
10000007206
10000007207
10000007208
10000007209
10000007210
10000007211
10000007212
10000007213
10000007214
10000007215
10000007216
10000007217
10000007218
10000007219
10000007220
10000007221
10000007222
10000007223
10000007224
10000007225
10000007226
10000007227
10000007228
10000007229
10000007230
10000007231
10000007232
10000007233
10000007234
10000007235
10000007236
10000007237
10000007238
10000007239
10000007240
10000007241
10000007242
10000007243
10000007244
10000007245
10000007246
10000007247
10000007248
10000007249
10000007250
10000007251
10000007252
10000007253
10000007254
10000007255
10000007256
10000007257
10000007258
10000007259
10000007260
10000007261
10000007262
10000007263
10000007264
10000007265
10000007266
10000007267
10000007268
10000007269
10000007270
10000007271
10000007272
10000007273
10000007274
10000007275
10000007276
10000007277
10000007278
10000007279
10000007280
10000007281
10000007282
10000007283
10000007284
10000007285
10000007286
10000007287
10000007288
10000007289
10000007290
10000007291
10000007292
10000007293
10000007294
10000007295
10000007296
10000007297
10000007298
10000007299
10000007300
10000007301
10000007302
10000007303
10000007304
10000007305
10000007306
10000007307
10000007308
10000007309
10000007310
10000007311
10000007312
10000007313
10000007314
10000007315
10000007316
10000007317
10000007318
10000007319
10000007320
10000007321
10000007322
10000007323
10000007324
10000007325
10000007326
10000007327
10000007328
10000007329
10000007330
10000007331
10000007332
10000007333
10000007334
10000007335
10000007336
10000007337
10000007338
10000007339
10000007340
10000007341
10000007342
10000007343
10000007344
10000007345
10000007346
10000007347
10000007348
10000007349
10000007350
10000007351
10000007352
10000007353
10000007354
10000007355
10000007356
10000007357
10000007358
10000007359
10000007360
10000007361
10000007362
10000007363
10000007364
10000007365
10000007366
10000007367
10000007368
10000007369
10000007370
10000007371
10000007372
10000007373
10000007374
10000007375
10000007376
10000007377
10000007378
10000007379
10000007380
10000007381
10000007382
10000007383
10000007384
10000007385
10000007386
10000007387
10000007388
10000007389
10000007390
10000007391
10000007392
10000007393
10000007394
10000007395
10000007396
10000007397
10000007398
10000007399
10000007400
10000007401
10000007402
10000007403
10000007404
10000007405
10000007406
10000007407
10000007408
10000007409
10000007410
10000007411
10000007412
10000007413
10000007414
10000007415
10000007416
10000007417
10000007418
10000007419
10000007420
10000007421
10000007422
10000007423
10000007424
10000007425
10000007426
10000007427
10000007428
10000007429
10000007430
10000007431
10000007432
10000007433
10000007434
10000007435
10000007436
10000007437
10000007438
10000007439
10000007440
10000007441
10000007442
10000007443
10000007444
10000007445
10000007446
10000007447
10000007448
10000007449
10000007450
10000007451
10000007452
10000007453
10000007454
10000007455
10000007456
10000007457
10000007458
10000007459
10000007460
10000007461
10000007462
10000007463
10000007464
10000007465
10000007466
10000007467
10000007468
10000007469
10000007470
10000007471
10000007472
10000007473
10000007474
10000007475
10000007476
10000007477
10000007478
10000007479
10000007480
10000007481
10000007482
10000007483
10000007484
10000007485
10000007486
10000007487
10000007488
10000007489
10000007490
10000007491
10000007492
10000007493
10000007494
10000007495
10000007496
10000007497
10000007498
10000007499
10000007500
10000007501
10000007502
10000007503
10000007504
10000007505
10000007506
10000007507
10000007508
10000007509
10000007510
10000007511
10000007512
10000007513
10000007514
10000007515
10000007516
10000007517
10000007518
10000007519
10000007520
10000007521
10000007522
10000007523
10000007524
10000007525
10000007526
10000007527
10000007528
10000007529
10000007530
10000007531
10000007532
10000007533
10000007534
10000007535
10000007536
10000007537
10000007538
10000007539
10000007540
10000007541
10000007542
10000007543
10000007544
10000007545
10000007546
10000007547
10000007548
10000007549
10000007550
10000007551
10000007552
10000007553
10000007554
10000007555
10000007556
10000007557
10000007558
10000007559
10000007560
10000007561
10000007562
10000007563
10000007564
10000007565
10000007566
10000007567
10000007568
10000007569
10000007570
10000007571
10000007572
10000007573
10000007574
10000007575
10000007576
10000007577
10000007578
10000007579
10000007580
10000007581
10000007582
10000007583
10000007584
10000007585
10000007586
10000007587
10000007588
10000007589
10000007590
10000007591
10000007592
10000007593
10000007594
10000007595
10000007596
10000007597
10000007598
10000007599
10000007600
10000007601
10000007602
10000007603
10000007604
10000007605
10000007606
10000007607
10000007608
10000007609
10000007610
10000007611
10000007612
10000007613
10000007614
10000007615
10000007616
10000007617
10000007618
10000007619
10000007620
10000007621
10000007622
10000007623
10000007624
10000007625
10000007626
10000007627
10000007628
10000007629
10000007630
10000007631
10000007632
10000007633
10000007634
10000007635
10000007636
10000007637
10000007638
10000007639
10000007640
10000007641
10000007642
10000007643
10000007644
10000007645
10000007646
10000007647
10000007648
10000007649
10000007650
10000007651
10000007652
10000007653
10000007654
10000007655
10000007656
10000007657
10000007658
10000007659
10000007660
10000007661
10000007662
10000007663
10000007664
10000007665
10000007666
10000007667
10000007668
10000007669
10000007670
10000007671
10000007672
10000007673
10000007674
10000007675
10000007676
10000007677
10000007678
10000007679
10000007680
10000007681
10000007682
10000007683
10000007684
10000007685
10000007686
10000007687
10000007688
10000007689
10000007690
10000007691
10000007692
10000007693
10000007694
10000007695
10000007696
10000007697
10000007698
10000007699
10000007700
10000007701
10000007702
10000007703
10000007704
10000007705
10000007706
10000007707
10000007708
10000007709
10000007710
10000007711
10000007712
10000007713
10000007714
10000007715
10000007716
10000007717
10000007718
10000007719
10000007720
10000007721
10000007722
10000007723
10000007724
10000007725
10000007726
10000007727
10000007728
10000007729
10000007730
10000007731
10000007732
10000007733
10000007734
10000007735
10000007736
10000007737
10000007738
10000007739
10000007740
10000007741
10000007742
10000007743
10000007744
10000007745
10000007746
10000007747
10000007748
10000007749
10000007750
10000007751
10000007752
10000007753
10000007754
10000007755
10000007756
10000007757
10000007758
10000007759
10000007760
10000007761
10000007762
10000007763
10000007764
10000007765
10000007766
10000007767
10000007768
10000007769
10000007770
10000007771
10000007772
10000007773
10000007774
10000007775
10000007776
10000007777
10000007778
10000007779
10000007780
10000007781
10000007782
10000007783
10000007784
10000007785
10000007786
10000007787
10000007788
10000007789
10000007790
10000007791
10000007792
10000007793
10000007794
10000007795
10000007796
10000007797
10000007798
10000007799
10000007800
10000007801
10000007802
10000007803
10000007804
10000007805
10000007806
10000007807
10000007808
10000007809
10000007810
10000007811
10000007812
10000007813
10000007814
10000007815
10000007816
10000007817
10000007818
10000007819
10000007820
10000007821
10000007822
10000007823
10000007824
10000007825
10000007826
10000007827
10000007828
10000007829
10000007830
10000007831
10000007832
10000007833
10000007834
10000007835
10000007836
10000007837
10000007838
10000007839
10000007840
10000007841
10000007842
10000007843
10000007844
10000007845
10000007846
10000007847
10000007848
10000007849
10000007850
10000007851
10000007852
10000007853
10000007854
10000007855
10000007856
10000007857
10000007858
10000007859
10000007860
10000007861
10000007862
10000007863
10000007864
10000007865
10000007866
10000007867
10000007868
10000007869
10000007870
10000007871
10000007872
10000007873
10000007874
10000007875
10000007876
10000007877