
10000007878
10000007879
10000007880
10000007881
10000007882
10000007883
10000007884
10000007885
10000007886
10000007887
10000007888
10000007889
10000007890
10000007891
10000007892
10000007893
10000007894
10000007895
10000007896
10000007897
10000007898
10000007899
10000007900
10000007901
10000007902
10000007903
10000007904
10000007905
10000007906
10000007907
10000007908
10000007909
10000007910
10000007911
10000007912
10000007913
10000007914
10000007915
10000007916
10000007917
10000007918
10000007919
10000007920
10000007921
10000007922
10000007923
10000007924
10000007925
10000007926
10000007927
10000007928
10000007929
10000007930
10000007931
10000007932
10000007933
10000007934
10000007935
10000007936
10000007937
10000007938
10000007939
10000007940
10000007941
10000007942
10000007943
10000007944
10000007945
10000007946
10000007947
10000007948
10000007949
10000007950
10000007951
10000007952
10000007953
10000007954
10000007955
10000007956
10000007957
10000007958
10000007959
10000007960
10000007961
10000007962
10000007963
10000007964
10000007965
10000007966
10000007967
10000007968
10000007969
10000007970
10000007971
10000007972
10000007973
10000007974
10000007975
10000007976
10000007977
10000007978
10000007979
10000007980
10000007981
10000007982
10000007983
10000007984
10000007985
10000007986
10000007987
10000007988
10000007989
10000007990
10000007991
10000007992
10000007993
10000007994
10000007995
10000007996
10000007997
10000007998
10000007999
10000008000
10000008001
10000008002
10000008003
10000008004
10000008005
10000008006
10000008007
10000008008
10000008009
10000008010
10000008011
10000008012
10000008013
10000008014
10000008015
10000008016
10000008017
10000008018
10000008019
10000008020
10000008021
10000008022
10000008023
10000008024
10000008025
10000008026
10000008027
10000008028
10000008029
10000008030
10000008031
10000008032
10000008033
10000008034
10000008035
10000008036
10000008037
10000008038
10000008039
10000008040
10000008041
10000008042
10000008043
10000008044
10000008045
10000008046
10000008047
10000008048
10000008049
10000008050
10000008051
10000008052
10000008053
10000008054
10000008055
10000008056
10000008057
10000008058
10000008059
10000008060
10000008061
10000008062
10000008063
10000008064
10000008065
10000008066
10000008067
10000008068
10000008069
10000008070
10000008071
10000008072
10000008073
10000008074
10000008075
10000008076
10000008077
10000008078
10000008079
10000008080
10000008081
10000008082
10000008083
10000008084
10000008085
10000008086
10000008087
10000008088
10000008089
10000008090
10000008091
10000008092
10000008093
10000008094
10000008095
10000008096
10000008097
10000008098
10000008099
10000008100
10000008101
10000008102
10000008103
10000008104
10000008105
10000008106
10000008107
10000008108
10000008109
10000008110
10000008111
10000008112
10000008113
10000008114
10000008115
10000008116
10000008117
10000008118
10000008119
10000008120
10000008121
10000008122
10000008123
10000008124
10000008125
10000008126
10000008127
10000008128
10000008129
10000008130
10000008131
10000008132
10000008133
10000008134
10000008135
10000008136
10000008137
10000008138
10000008139
10000008140
10000008141
10000008142
10000008143
10000008144
10000008145
10000008146
10000008147
10000008148
10000008149
10000008150
10000008151
10000008152
10000008153
10000008154
10000008155
10000008156
10000008157
10000008158
10000008159
10000008160
10000008161
10000008162
10000008163
10000008164
10000008165
10000008166
10000008167
10000008168
10000008169
10000008170
10000008171
10000008172
10000008173
10000008174
10000008175
10000008176
10000008177
10000008178
10000008179
10000008180
10000008181
10000008182
10000008183
10000008184
10000008185
10000008186
10000008187
10000008188
10000008189
10000008190
10000008191
10000008192
10000008193
10000008194
10000008195
10000008196
10000008197
10000008198
10000008199
10000008200
10000008201
10000008202
10000008203
10000008204
10000008205
10000008206
10000008207
10000008208
10000008209
10000008210
10000008211
10000008212
10000008213
10000008214
10000008215
10000008216
10000008217
10000008218
10000008219
10000008220
10000008221
10000008222
10000008223
10000008224
10000008225
10000008226
10000008227
10000008228
10000008229
10000008230
10000008231
10000008232
10000008233
10000008234
10000008235
10000008236
10000008237
10000008238
10000008239
10000008240
10000008241
10000008242
10000008243
10000008244
10000008245
10000008246
10000008247
10000008248
10000008249
10000008250
10000008251
10000008252
10000008253
10000008254
10000008255
10000008256
10000008257
10000008258
10000008259
10000008260
10000008261
10000008262
10000008263
10000008264
10000008265
10000008266
10000008267
10000008268
10000008269
10000008270
10000008271
10000008272
10000008273
10000008274
10000008275
10000008276
10000008277
10000008278
10000008279
10000008280
10000008281
10000008282
10000008283
10000008284
10000008285
10000008286
10000008287
10000008288
10000008289
10000008290
10000008291
10000008292
10000008293
10000008294
10000008295
10000008296
10000008297
10000008298
10000008299
10000008300
10000008301
10000008302
10000008303
10000008304
10000008305
10000008306
10000008307
10000008308
10000008309
10000008310
10000008311
10000008312
10000008313
10000008314
10000008315
10000008316
10000008317
10000008318
10000008319
10000008320
10000008321
10000008322
10000008323
10000008324
10000008325
10000008326
10000008327
10000008328
10000008329
10000008330
10000008331
10000008332
10000008333
10000008334
10000008335
10000008336
10000008337
10000008338
10000008339
10000008340
10000008341
10000008342
10000008343
10000008344
10000008345
10000008346
10000008347
10000008348
10000008349
10000008350
10000008351
10000008352
10000008353
10000008354
10000008355
10000008356
10000008357
10000008358
10000008359
10000008360
10000008361
10000008362
10000008363
10000008364
10000008365
10000008366
10000008367
10000008368
10000008369
10000008370
10000008371
10000008372
10000008373
10000008374
10000008375
10000008376
10000008377
10000008378
10000008379
10000008380
10000008381
10000008382
10000008383
10000008384
10000008385
10000008386
10000008387
10000008388
10000008389
10000008390
10000008391
10000008392
10000008393
10000008394
10000008395
10000008396
10000008397
10000008398
10000008399
10000008400
10000008401
10000008402
10000008403
10000008404
10000008405
10000008406
10000008407
10000008408
10000008409
10000008410
10000008411
10000008412
10000008413
10000008414
10000008415
10000008416
10000008417
10000008418
10000008419
10000008420
10000008421
10000008422
10000008423
10000008424
10000008425
10000008426
10000008427
10000008428
10000008429
10000008430
10000008431
10000008432
10000008433
10000008434
10000008435
10000008436
10000008437
10000008438
10000008439
10000008440
10000008441
10000008442
10000008443
10000008444
10000008445
10000008446
10000008447
10000008448
10000008449
10000008450
10000008451
10000008452
10000008453
10000008454
10000008455
10000008456
10000008457
10000008458
10000008459
10000008460
10000008461
10000008462
10000008463
10000008464
10000008465
10000008466
10000008467
10000008468
10000008469
10000008470
10000008471
10000008472
10000008473
10000008474
10000008475
10000008476
10000008477
10000008478
10000008479
10000008480
10000008481
10000008482
10000008483
10000008484
10000008485
10000008486
10000008487
10000008488
10000008489
10000008490
10000008491
10000008492
10000008493
10000008494
10000008495
10000008496
10000008497
10000008498
10000008499
10000008500
10000008501
10000008502
10000008503
10000008504
10000008505
10000008506
10000008507
10000008508
10000008509
10000008510
10000008511
10000008512
10000008513
10000008514
10000008515
10000008516
10000008517
10000008518
10000008519
10000008520
10000008521
10000008522
10000008523
10000008524
10000008525
10000008526
10000008527
10000008528
10000008529
10000008530
10000008531
10000008532
10000008533
10000008534
10000008535
10000008536
10000008537
10000008538
10000008539
10000008540
10000008541
10000008542
10000008543
10000008544
10000008545
10000008546
10000008547
10000008548
10000008549
10000008550
10000008551
10000008552
10000008553
10000008554
10000008555
10000008556
10000008557
10000008558
10000008559
10000008560
10000008561
10000008562
10000008563
10000008564
10000008565
10000008566
10000008567
10000008568
10000008569
10000008570
10000008571
10000008572
10000008573
10000008574
10000008575
10000008576
10000008577
10000008578
10000008579
10000008580
10000008581
10000008582
10000008583
10000008584
10000008585
10000008586
10000008587
10000008588
10000008589
10000008590
10000008591
10000008592
10000008593
10000008594
10000008595
10000008596
10000008597
10000008598
10000008599
10000008600
10000008601
10000008602
10000008603
10000008604
10000008605
10000008606
10000008607
10000008608
10000008609
10000008610
10000008611
10000008612
10000008613
10000008614
10000008615
10000008616
10000008617
10000008618
10000008619
10000008620
10000008621
10000008622
10000008623
10000008624
10000008625
10000008626
10000008627
10000008628
10000008629
10000008630
10000008631
10000008632
10000008633
10000008634
10000008635
10000008636
10000008637
10000008638
10000008639
10000008640
10000008641
10000008642
10000008643
10000008644
10000008645
10000008646
10000008647
10000008648
10000008649
10000008650
10000008651
10000008652
10000008653
10000008654
10000008655
10000008656
10000008657
10000008658
10000008659
10000008660
10000008661
10000008662
10000008663
10000008664
10000008665
10000008666
10000008667
10000008668
10000008669
10000008670
10000008671
10000008672
10000008673
10000008674
10000008675
10000008676
10000008677
10000008678
10000008679
10000008680
10000008681
10000008682
10000008683
10000008684
10000008685
10000008686
10000008687
10000008688
10000008689
10000008690
10000008691
10000008692
10000008693
10000008694
10000008695
10000008696
10000008697
10000008698
10000008699
10000008700
10000008701
10000008702
10000008703
10000008704
10000008705
10000008706
10000008707
10000008708
10000008709
10000008710
10000008711
10000008712
10000008713
10000008714
10000008715
10000008716
10000008717
10000008718
10000008719
10000008720
10000008721
10000008722
10000008723
10000008724
10000008725
10000008726
10000008727
10000008728
10000008729
10000008730
10000008731
10000008732
10000008733
10000008734
10000008735
10000008736
10000008737
10000008738
10000008739
10000008740
10000008741
10000008742
10000008743
10000008744
10000008745
10000008746
10000008747
10000008748
10000008749
10000008750
10000008751
10000008752
10000008753
10000008754
10000008755
10000008756
10000008757
10000008758
10000008759
10000008760
10000008761
10000008762
10000008763
10000008764
10000008765
10000008766
10000008767
10000008768
10000008769
10000008770
10000008771
10000008772
10000008773
10000008774
10000008775
10000008776
10000008777
10000008778
10000008779
10000008780
10000008781
10000008782
10000008783
10000008784
10000008785
10000008786
10000008787
10000008788
10000008789
10000008790
10000008791
10000008792
10000008793
10000008794
10000008795
10000008796
10000008797
10000008798
10000008799
10000008800
10000008801
10000008802
10000008803
10000008804
10000008805
10000008806
10000008807
10000008808
10000008809
10000008810
10000008811
10000008812
10000008813
10000008814
10000008815
10000008816
10000008817
10000008818
10000008819
10000008820
10000008821
10000008822
10000008823
10000008824
10000008825
10000008826
10000008827
10000008828
10000008829
10000008830
10000008831
10000008832
10000008833
10000008834
10000008835
10000008836
10000008837
10000008838
10000008839
10000008840
10000008841
10000008842
10000008843
10000008844
10000008845
10000008846
10000008847
10000008848
10000008849
10000008850
10000008851
10000008852
10000008853
10000008854
10000008855
10000008856
10000008857
10000008858
10000008859
10000008860
10000008861
10000008862
10000008863
10000008864
10000008865
10000008866
10000008867
10000008868
10000008869
10000008870
10000008871
10000008872
10000008873
10000008874
10000008875
10000008876
10000008877
10000008878
10000008879
10000008880
10000008881
10000008882
10000008883
10000008884
10000008885
10000008886
10000008887
10000008888
10000008889
10000008890
10000008891
10000008892
10000008893
10000008894
10000008895
10000008896
10000008897
10000008898
10000008899
10000008900
10000008901
10000008902
10000008903
10000008904
10000008905
10000008906
10000008907
10000008908
10000008909
10000008910
10000008911
10000008912
10000008913
10000008914
10000008915
10000008916
10000008917
10000008918
10000008919
10000008920
10000008921
10000008922
10000008923
10000008924
10000008925
10000008926
10000008927
10000008928
10000008929
10000008930
10000008931
10000008932
10000008933
10000008934
10000008935
10000008936
10000008937
10000008938
10000008939
10000008940
10000008941
10000008942
10000008943
10000008944
10000008945
10000008946
10000008947
10000008948
10000008949
10000008950
10000008951
10000008952
10000008953
10000008954
10000008955
10000008956
10000008957
10000008958
10000008959
10000008960
10000008961
10000008962
10000008963
10000008964
10000008965
10000008966
10000008967
10000008968
10000008969
10000008970
10000008971
10000008972
10000008973
10000008974
10000008975
10000008976
10000008977
10000008978
10000008979
10000008980
10000008981
10000008982
10000008983
10000008984
10000008985
10000008986
10000008987
10000008988
10000008989
10000008990
10000008991
10000008992
10000008993
10000008994
10000008995
10000008996
10000008997
10000008998
10000008999
10000009000
10000009001
10000009002
10000009003
10000009004
10000009005
10000009006
10000009007
10000009008
10000009009
10000009010
10000009011
10000009012
10000009013
10000009014
10000009015
10000009016
10000009017
10000009018
10000009019
10000009020
10000009021
10000009022
10000009023
10000009024
10000009025
10000009026
10000009027
10000009028
10000009029
10000009030
10000009031
10000009032
10000009033
10000009034
10000009035
10000009036
10000009037
10000009038
10000009039
10000009040
10000009041
10000009042
10000009043
10000009044
10000009045
10000009046
10000009047
10000009048
10000009049
10000009050
10000009051
10000009052
10000009053
10000009054
10000009055
10000009056
10000009057
10000009058
10000009059
10000009060
10000009061
10000009062
10000009063
10000009064
10000009065
10000009066
10000009067
10000009068
10000009069
10000009070
10000009071
10000009072
10000009073
10000009074
10000009075
10000009076
10000009077
10000009078
10000009079
10000009080
10000009081
10000009082
10000009083
10000009084
10000009085
10000009086
10000009087
10000009088
10000009089
10000009090
10000009091
10000009092
10000009093
10000009094
10000009095
10000009096
10000009097
10000009098
10000009099
10000009100
10000009101
10000009102
10000009103
10000009104
10000009105
10000009106
10000009107
10000009108
10000009109
10000009110
10000009111
10000009112
10000009113
10000009114
10000009115
10000009116
10000009117
10000009118
10000009119
10000009120
10000009121
10000009122
10000009123
10000009124
10000009125
10000009126
10000009127
10000009128
10000009129
10000009130
10000009131
10000009132
10000009133
10000009134
10000009135
10000009136
10000009137
10000009138
10000009139
10000009140
10000009141
10000009142
10000009143
10000009144
10000009145
10000009146
10000009147
10000009148
10000009149
10000009150
10000009151
10000009152
10000009153
10000009154
10000009155
10000009156
10000009157
10000009158
10000009159
10000009160
10000009161
10000009162
10000009163
10000009164
10000009165
10000009166
10000009167
10000009168
10000009169
10000009170
10000009171
10000009172
10000009173
10000009174
10000009175
10000009176
10000009177
10000009178
10000009179
10000009180
10000009181
10000009182
10000009183
10000009184
10000009185
10000009186
10000009187
10000009188
10000009189
10000009190
10000009191
10000009192
10000009193
10000009194
10000009195
10000009196
10000009197
10000009198
10000009199
10000009200
10000009201
10000009202
10000009203
10000009204
10000009205
10000009206
10000009207
10000009208
10000009209
10000009210
10000009211
10000009212
10000009213
10000009214
10000009215
10000009216
10000009217
10000009218
10000009219
10000009220
10000009221
10000009222
10000009223
10000009224
10000009225
10000009226
10000009227
10000009228
10000009229
10000009230
10000009231
10000009232
10000009233
10000009234
10000009235
10000009236
10000009237
10000009238
10000009239
10000009240
10000009241
10000009242
10000009243
10000009244
10000009245
10000009246
10000009247
10000009248
10000009249
10000009250
10000009251
10000009252
10000009253
10000009254
10000009255
10000009256
10000009257
10000009258
10000009259
10000009260
10000009261
10000009262
10000009263
10000009264
10000009265
10000009266
10000009267
10000009268
10000009269
10000009270
10000009271
10000009272
10000009273
10000009274
10000009275
10000009276
10000009277
10000009278
10000009279
10000009280
10000009281
10000009282
10000009283
10000009284
10000009285
10000009286
10000009287
10000009288
10000009289
10000009290
10000009291
10000009292
10000009293
10000009294
10000009295
10000009296
10000009297
10000009298
10000009299
10000009300
10000009301
10000009302
10000009303
10000009304
10000009305
10000009306
10000009307
10000009308
10000009309
10000009310
10000009311
10000009312
10000009313
10000009314
10000009315
10000009316
10000009317
10000009318
10000009319
10000009320
10000009321
10000009322
10000009323
10000009324
10000009325
10000009326
10000009327
10000009328
10000009329
10000009330
10000009331
10000009332
10000009333
10000009334
10000009335
10000009336
10000009337
10000009338
10000009339
10000009340
10000009341
10000009342
10000009343
10000009344
10000009345
10000009346
10000009347
10000009348
10000009349
10000009350
10000009351
10000009352
10000009353
10000009354
10000009355
10000009356
10000009357
10000009358
10000009359
10000009360
10000009361
10000009362
10000009363
10000009364
10000009365
10000009366
10000009367
10000009368
10000009369
10000009370
10000009371
10000009372
10000009373
10000009374
10000009375
10000009376
10000009377
10000009378
10000009379
10000009380
10000009381
10000009382
10000009383
10000009384
10000009385
10000009386
10000009387
10000009388
10000009389
10000009390
10000009391
10000009392
10000009393
10000009394
10000009395
10000009396
10000009397
10000009398
10000009399
10000009400
10000009401
10000009402
10000009403
10000009404
10000009405
10000009406
10000009407
10000009408
10000009409
10000009410
10000009411
10000009412
10000009413
10000009414
10000009415
10000009416
10000009417
10000009418
10000009419
10000009420
10000009421
10000009422
10000009423
10000009424
10000009425
10000009426
10000009427
10000009428
10000009429
10000009430
10000009431
10000009432
10000009433
10000009434
10000009435
10000009436
10000009437
10000009438
10000009439
10000009440
10000009441
10000009442
10000009443
10000009444
10000009445
10000009446
10000009447
10000009448
10000009449
10000009450
10000009451
10000009452
10000009453
10000009454
10000009455
10000009456
10000009457
10000009458
10000009459
10000009460
10000009461
10000009462
10000009463
10000009464
10000009465
10000009466
10000009467
10000009468
10000009469
10000009470
10000009471
10000009472
10000009473
10000009474
10000009475
10000009476
10000009477
10000009478
10000009479
10000009480
10000009481
10000009482
10000009483
10000009484
10000009485
10000009486
10000009487
10000009488
10000009489
10000009490
10000009491
10000009492
10000009493
10000009494
10000009495
10000009496
10000009497
10000009498
10000009499
10000009500
10000009501
10000009502
10000009503
10000009504
10000009505
10000009506
10000009507
10000009508
10000009509
10000009510
10000009511
10000009512
10000009513
10000009514
10000009515
10000009516
10000009517
10000009518
10000009519
10000009520
10000009521
10000009522
10000009523
10000009524
10000009525
10000009526
10000009527
10000009528
10000009529
10000009530
10000009531
10000009532
10000009533
10000009534
10000009535
10000009536
10000009537
10000009538
10000009539
10000009540
10000009541
10000009542
10000009543
10000009544
10000009545
10000009546
10000009547
10000009548
10000009549
10000009550
10000009551
10000009552
10000009553
10000009554
10000009555
10000009556
10000009557
10000009558
10000009559
10000009560
10000009561
10000009562
10000009563
10000009564
10000009565
10000009566
10000009567
10000009568
10000009569
10000009570
10000009571
10000009572
10000009573
10000009574
10000009575
10000009576
10000009577
10000009578
10000009579
10000009580
10000009581
10000009582
10000009583
10000009584
10000009585
10000009586
10000009587
10000009588
10000009589
10000009590
10000009591
10000009592
10000009593
10000009594
10000009595
10000009596
10000009597
10000009598
10000009599
10000009600
10000009601
10000009602
10000009603
10000009604
10000009605
10000009606
10000009607
10000009608
10000009609
10000009610
10000009611
10000009612
10000009613
10000009614
10000009615
10000009616
10000009617
10000009618
10000009619
10000009620
10000009621
10000009622
10000009623
10000009624
10000009625
10000009626
10000009627
10000009628
10000009629
10000009630
10000009631
10000009632
10000009633
10000009634
10000009635
10000009636
10000009637
10000009638
10000009639
10000009640
10000009641
10000009642
10000009643
10000009644
10000009645
10000009646
10000009647
10000009648
10000009649
10000009650
10000009651
10000009652
10000009653
10000009654
10000009655
10000009656
10000009657
10000009658
10000009659
10000009660
10000009661
10000009662
10000009663
10000009664
10000009665
10000009666
10000009667
10000009668
10000009669
10000009670
10000009671
10000009672
10000009673
10000009674
10000009675
10000009676
10000009677
10000009678
10000009679
10000009680
10000009681
10000009682
10000009683
10000009684
10000009685
10000009686
10000009687
10000009688
10000009689
10000009690
10000009691
10000009692
10000009693
10000009694
10000009695
10000009696
10000009697
10000009698
10000009699
10000009700
10000009701
10000009702
10000009703
10000009704
10000009705
10000009706
10000009707
10000009708
10000009709
10000009710
10000009711
10000009712
10000009713
10000009714
10000009715
10000009716
10000009717
10000009718
10000009719
10000009720
10000009721
10000009722
10000009723
10000009724
10000009725
10000009726
10000009727
10000009728
10000009729
10000009730
10000009731
10000009732
10000009733
10000009734
10000009735
10000009736
10000009737
10000009738
10000009739
10000009740
10000009741
10000009742
10000009743
10000009744
10000009745
10000009746
10000009747
10000009748
10000009749
10000009750
10000009751
10000009752
10000009753
10000009754
10000009755
10000009756
10000009757
10000009758
10000009759
10000009760
10000009761
10000009762
10000009763
10000009764
10000009765
10000009766
10000009767
10000009768
10000009769
10000009770
10000009771
10000009772
10000009773
10000009774
10000009775
10000009776
10000009777
10000009778
10000009779
10000009780
10000009781
10000009782
10000009783
10000009784
10000009785
10000009786
10000009787
10000009788
10000009789
10000009790
10000009791
10000009792
10000009793
10000009794
10000009795
10000009796
10000009797
10000009798
10000009799
10000009800
10000009801
10000009802
10000009803
10000009804
10000009805
10000009806
10000009807
10000009808
10000009809
10000009810
10000009811
10000009812
10000009813
10000009814
10000009815
10000009816
10000009817
10000009818
10000009819
10000009820
10000009821
10000009822
10000009823
10000009824
10000009825
10000009826
10000009827
10000009828
10000009829
10000009830
10000009831
10000009832
10000009833
10000009834
10000009835
10000009836
10000009837
10000009838
10000009839
10000009840
10000009841
10000009842
10000009843
10000009844
10000009845
10000009846
10000009847
10000009848
10000009849
10000009850
10000009851
10000009852
10000009853
10000009854
10000009855
10000009856
10000009857
10000009858
10000009859
10000009860
10000009861
10000009862
10000009863
10000009864
10000009865
10000009866
10000009867
10000009868
10000009869
10000009870
10000009871
10000009872
10000009873
10000009874
10000009875
10000009876
10000009877
10000009878
10000009879
10000009880
10000009881
10000009882
10000009883
10000009884
10000009885
10000009886
10000009887
10000009888
10000009889
10000009890
10000009891
10000009892
10000009893
10000009894
10000009895
10000009896
10000009897
10000009898
10000009899
10000009900
10000009901
10000009902
10000009903
10000009904
10000009905
10000009906
10000009907
10000009908
10000009909
10000009910
10000009911
10000009912
10000009913
10000009914
10000009915
10000009916
10000009917
10000009918
10000009919
10000009920
10000009921
10000009922
10000009923
10000009924
10000009925
10000009926
10000009927
10000009928
10000009929
10000009930
10000009931
10000009932
10000009933
10000009934
10000009935
10000009936
10000009937
10000009938
10000009939
10000009940
10000009941
10000009942
10000009943
10000009944
10000009945
10000009946
10000009947
10000009948
10000009949
10000009950
10000009951
10000009952
10000009953
10000009954
10000009955
10000009956
10000009957
10000009958
10000009959
10000009960
10000009961
10000009962
10000009963
10000009964
10000009965
10000009966
10000009967
10000009968
10000009969
10000009970
10000009971
10000009972
10000009973
10000009974
10000009975
10000009976
10000009977
10000009978
10000009979
10000009980
10000009981
10000009982
10000009983
10000009984
10000009985
10000009986
10000009987
10000009988
10000009989
10000009990
10000009991
10000009992
10000009993
10000009994
10000009995
10000009996
10000009997
10000009998
10000009999
