0000002364
10000002365
10000002366
10000002367
10000002368
10000002369
10000002370
10000002371
10000002372
10000002373
10000002374
10000002375
10000002376
10000002377
10000002378
10000002379
10000002380
10000002381
10000002382
10000002383
10000002384
10000002385
10000002386
10000002387
10000002388
10000002389
10000002390
10000002391
10000002392
10000002393
10000002394
10000002395
10000002396
10000002397
10000002398
10000002399
10000002400
10000002401
10000002402
10000002403
10000002404
10000002405
10000002406
10000002407
10000002408
10000002409
10000002410
10000002411
10000002412
10000002413
10000002414
10000002415
10000002416
10000002417
10000002418
10000002419
10000002420
10000002421
10000002422
10000002423
10000002424
10000002425
10000002426
10000002427
10000002428
10000002429
10000002430
10000002431
10000002432
10000002433
10000002434
10000002435
10000002436
10000002437
10000002438
10000002439
10000002440
10000002441
10000002442
10000002443
10000002444
10000002445
10000002446
10000002447
10000002448
10000002449
10000002450
10000002451
10000002452
10000002453
10000002454
10000002455
10000002456
10000002457
10000002458
10000002459
10000002460
10000002461
10000002462
10000002463
10000002464
10000002465
10000002466
10000002467
10000002468
10000002469
10000002470
10000002471
10000002472
10000002473
10000002474
10000002475
10000002476
10000002477
10000002478
10000002479
10000002480
10000002481
10000002482
10000002483
10000002484
10000002485
10000002486
10000002487
10000002488
10000002489
10000002490
10000002491
10000002492
10000002493
10000002494
10000002495
10000002496
10000002497
10000002498
10000002499
10000002500
10000002501
10000002502
10000002503
10000002504
10000002505
10000002506
10000002507
10000002508
10000002509
10000002510
10000002511
10000002512
10000002513
10000002514
10000002515
10000002516
10000002517
10000002518
10000002519
10000002520
10000002521
10000002522
10000002523
10000002524
10000002525
10000002526
10000002527
10000002528
10000002529
10000002530
10000002531
10000002532
10000002533
10000002534
10000002535
10000002536
10000002537
10000002538
10000002539
10000002540
10000002541
10000002542
10000002543
10000002544
10000002545
10000002546
10000002547
10000002548
10000002549
10000002550
10000002551
10000002552
10000002553
10000002554
10000002555
10000002556
10000002557
10000002558
10000002559
10000002560
10000002561
10000002562
10000002563
10000002564
10000002565
10000002566
10000002567
10000002568
10000002569
10000002570
10000002571
10000002572
10000002573
10000002574
10000002575
10000002576
10000002577
10000002578
10000002579
10000002580
10000002581
10000002582
10000002583
10000002584
10000002585
10000002586
10000002587
10000002588
10000002589
10000002590
10000002591
10000002592
10000002593
10000002594
10000002595
10000002596
10000002597
10000002598
10000002599
10000002600
10000002601
10000002602
10000002603
10000002604
10000002605
10000002606
10000002607
10000002608
10000002609
10000002610
10000002611
10000002612
10000002613
10000002614
10000002615
10000002616
10000002617
10000002618
10000002619
10000002620
10000002621
10000002622
10000002623
10000002624
10000002625
10000002626
10000002627
10000002628
10000002629
10000002630
10000002631
10000002632
10000002633
10000002634
10000002635
10000002636
10000002637
10000002638
10000002639
10000002640
10000002641
10000002642
10000002643
10000002644
10000002645
10000002646
10000002647
10000002648
10000002649
10000002650
10000002651
10000002652
10000002653
10000002654
10000002655
10000002656
10000002657
10000002658
10000002659
10000002660
10000002661
10000002662
10000002663
10000002664
10000002665
10000002666
10000002667
10000002668
10000002669
10000002670
10000002671
10000002672
10000002673
10000002674
10000002675
10000002676
10000002677
10000002678
10000002679
10000002680
10000002681
10000002682
10000002683
10000002684
10000002685
10000002686
10000002687
10000002688
10000002689
10000002690
10000002691
10000002692
10000002693
10000002694
10000002695
10000002696
10000002697
10000002698
10000002699
10000002700
10000002701
10000002702
10000002703
10000002704
10000002705
10000002706
10000002707
10000002708
10000002709
10000002710
10000002711
10000002712
10000002713
10000002714
10000002715
10000002716
10000002717
10000002718
10000002719
10000002720
10000002721
10000002722
10000002723
10000002724
10000002725
10000002726
10000002727
10000002728
10000002729
10000002730
10000002731
10000002732
10000002733
10000002734
10000002735
10000002736
10000002737
10000002738
10000002739
10000002740
10000002741
10000002742
10000002743
10000002744
10000002745
10000002746
10000002747
10000002748
10000002749
10000002750
10000002751
10000002752
10000002753
10000002754
10000002755
10000002756
10000002757
10000002758
10000002759
10000002760
10000002761
10000002762
10000002763
10000002764
10000002765
10000002766
10000002767
10000002768
10000002769
10000002770
10000002771
10000002772
10000002773
10000002774
10000002775
10000002776
10000002777
10000002778
10000002779
10000002780
10000002781
10000002782
10000002783
10000002784
10000002785
10000002786
10000002787
10000002788
10000002789
10000002790
10000002791
10000002792
10000002793
10000002794
10000002795
10000002796
10000002797
10000002798
10000002799
10000002800
10000002801
10000002802
10000002803
10000002804
10000002805
10000002806
10000002807
10000002808
10000002809
10000002810
10000002811
10000002812
10000002813
10000002814
10000002815
10000002816
10000002817
10000002818
10000002819
10000002820
10000002821
10000002822
10000002823
10000002824
10000002825
10000002826
10000002827
10000002828
10000002829
10000002830
10000002831
10000002832
10000002833
10000002834
10000002835
10000002836
10000002837
10000002838
10000002839
10000002840
10000002841
10000002842
10000002843
10000002844
10000002845
10000002846
10000002847
10000002848
10000002849
10000002850
10000002851
10000002852
10000002853
10000002854
10000002855
10000002856
10000002857
10000002858
10000002859
10000002860
10000002861
10000002862
10000002863
10000002864
10000002865
10000002866
10000002867
10000002868
10000002869
10000002870
10000002871
10000002872
10000002873
10000002874
10000002875
10000002876
10000002877
10000002878
10000002879
10000002880
10000002881
10000002882
10000002883
10000002884
10000002885
10000002886
10000002887
10000002888
10000002889
10000002890
10000002891
10000002892
10000002893
10000002894
10000002895
10000002896
10000002897
10000002898
10000002899
10000002900
10000002901
10000002902
10000002903
10000002904
10000002905
10000002906
10000002907
10000002908
10000002909
10000002910
10000002911
10000002912
10000002913
10000002914
10000002915
10000002916
10000002917
10000002918
10000002919
10000002920
10000002921
10000002922
10000002923
10000002924
10000002925
10000002926
10000002927
10000002928
10000002929
10000002930
10000002931
10000002932
10000002933
10000002934
10000002935
10000002936
10000002937
10000002938
10000002939
10000002940
10000002941
10000002942
10000002943
10000002944
10000002945
10000002946
10000002947
10000002948
10000002949
10000002950
10000002951
10000002952
10000002953
10000002954
10000002955
10000002956
10000002957
10000002958
10000002959
10000002960
10000002961
10000002962
10000002963
10000002964
10000002965
10000002966
10000002967
10000002968
10000002969
10000002970
10000002971
10000002972
10000002973
10000002974
10000002975
10000002976
10000002977
10000002978
10000002979
10000002980
10000002981
10000002982
10000002983
10000002984
10000002985
10000002986
10000002987
10000002988
10000002989
10000002990
10000002991
10000002992
10000002993
10000002994
10000002995
10000002996
10000002997
10000002998
10000002999
10000003000
10000003001
10000003002
10000003003
10000003004
10000003005
10000003006
10000003007
10000003008
10000003009
10000003010
10000003011
10000003012
10000003013
10000003014
10000003015
10000003016
10000003017
10000003018
10000003019
10000003020
10000003021
10000003022
10000003023
10000003024
10000003025
10000003026
10000003027
10000003028
10000003029
10000003030
10000003031
10000003032
10000003033
10000003034
10000003035
10000003036
10000003037
10000003038
10000003039
10000003040
10000003041
10000003042
10000003043
10000003044
10000003045
10000003046
10000003047
10000003048
10000003049
10000003050
10000003051
10000003052
10000003053
10000003054
10000003055
10000003056
10000003057
10000003058
10000003059
10000003060
10000003061
10000003062
10000003063
10000003064
10000003065
10000003066
10000003067
10000003068
10000003069
10000003070
10000003071
10000003072
10000003073
10000003074
10000003075
10000003076
10000003077
10000003078
10000003079
10000003080
10000003081
10000003082
10000003083
10000003084
10000003085
10000003086
10000003087
10000003088
10000003089
10000003090
10000003091
10000003092
10000003093
10000003094
10000003095
10000003096
10000003097
10000003098
10000003099
10000003100
10000003101
10000003102
10000003103
10000003104
10000003105
10000003106
10000003107
10000003108
10000003109
10000003110
10000003111
10000003112
10000003113
10000003114
10000003115
10000003116
10000003117
10000003118
10000003119
10000003120
10000003121
10000003122
10000003123
10000003124
10000003125
10000003126
10000003127
10000003128
10000003129
10000003130
10000003131
10000003132
10000003133
10000003134
10000003135
10000003136
10000003137
10000003138
10000003139
10000003140
10000003141
10000003142
10000003143
10000003144
10000003145
10000003146
10000003147
10000003148
10000003149
10000003150
1000000315