1
10000003152
10000003153
10000003154
10000003155
10000003156
10000003157
10000003158
10000003159
10000003160
10000003161
10000003162
10000003163
10000003164
10000003165
10000003166
10000003167
10000003168
10000003169
10000003170
10000003171
10000003172
10000003173
10000003174
10000003175
10000003176
10000003177
10000003178
10000003179
10000003180
10000003181
10000003182
10000003183
10000003184
10000003185
10000003186
10000003187
10000003188
10000003189
10000003190
10000003191
10000003192
10000003193
10000003194
10000003195
10000003196
10000003197
10000003198
10000003199
10000003200
10000003201
10000003202
10000003203
10000003204
10000003205
10000003206
10000003207
10000003208
10000003209
10000003210
10000003211
10000003212
10000003213
10000003214
10000003215
10000003216
10000003217
10000003218
10000003219
10000003220
10000003221
10000003222
10000003223
10000003224
10000003225
10000003226
10000003227
10000003228
10000003229
10000003230
10000003231
10000003232
10000003233
10000003234
10000003235
10000003236
10000003237
10000003238
10000003239
10000003240
10000003241
10000003242
10000003243
10000003244
10000003245
10000003246
10000003247
10000003248
10000003249
10000003250
10000003251
10000003252
10000003253
10000003254
10000003255
10000003256
10000003257
10000003258
10000003259
10000003260
10000003261
10000003262
10000003263
10000003264
10000003265
10000003266
10000003267
10000003268
10000003269
10000003270
10000003271
10000003272
10000003273
10000003274
10000003275
10000003276
10000003277
10000003278
10000003279
10000003280
10000003281
10000003282
10000003283
10000003284
10000003285
10000003286
10000003287
10000003288
10000003289
10000003290
10000003291
10000003292
10000003293
10000003294
10000003295
10000003296
10000003297
10000003298
10000003299
10000003300
10000003301
10000003302
10000003303
10000003304
10000003305
10000003306
10000003307
10000003308
10000003309
10000003310
10000003311
10000003312
10000003313
10000003314
10000003315
10000003316
10000003317
10000003318
10000003319
10000003320
10000003321
10000003322
10000003323
10000003324
10000003325
10000003326
10000003327
10000003328
10000003329
10000003330
10000003331
10000003332
10000003333
10000003334
10000003335
10000003336
10000003337
10000003338
10000003339
10000003340
10000003341
10000003342
10000003343
10000003344
10000003345
10000003346
10000003347
10000003348
10000003349
10000003350
10000003351
10000003352
10000003353
10000003354
10000003355
10000003356
10000003357
10000003358
10000003359
10000003360
10000003361
10000003362
10000003363
10000003364
10000003365
10000003366
10000003367
10000003368
10000003369
10000003370
10000003371
10000003372
10000003373
10000003374
10000003375
10000003376
10000003377
10000003378
10000003379
10000003380
10000003381
10000003382
10000003383
10000003384
10000003385
10000003386
10000003387
10000003388
10000003389
10000003390
10000003391
10000003392
10000003393
10000003394
10000003395
10000003396
10000003397
10000003398
10000003399
10000003400
10000003401
10000003402
10000003403
10000003404
10000003405
10000003406
10000003407
10000003408
10000003409
10000003410
10000003411
10000003412
10000003413
10000003414
10000003415
10000003416
10000003417
10000003418
10000003419
10000003420
10000003421
10000003422
10000003423
10000003424
10000003425
10000003426
10000003427
10000003428
10000003429
10000003430
10000003431
10000003432
10000003433
10000003434
10000003435
10000003436
10000003437
10000003438
10000003439
10000003440
10000003441
10000003442
10000003443
10000003444
10000003445
10000003446
10000003447
10000003448
10000003449
10000003450
10000003451
10000003452
10000003453
10000003454
10000003455
10000003456
10000003457
10000003458
10000003459
10000003460
10000003461
10000003462
10000003463
10000003464
10000003465
10000003466
10000003467
10000003468
10000003469
10000003470
10000003471
10000003472
10000003473
10000003474
10000003475
10000003476
10000003477
10000003478
10000003479
10000003480
10000003481
10000003482
10000003483
10000003484
10000003485
10000003486
10000003487
10000003488
10000003489
10000003490
10000003491
10000003492
10000003493
10000003494
10000003495
10000003496
10000003497
10000003498
10000003499
10000003500
10000003501
10000003502
10000003503
10000003504
10000003505
10000003506
10000003507
10000003508
10000003509
10000003510
10000003511
10000003512
10000003513
10000003514
10000003515
10000003516
10000003517
10000003518
10000003519
10000003520
10000003521
10000003522
10000003523
10000003524
10000003525
10000003526
10000003527
10000003528
10000003529
10000003530
10000003531
10000003532
10000003533
10000003534
10000003535
10000003536
10000003537
10000003538
10000003539
10000003540
10000003541
10000003542
10000003543
10000003544
10000003545
10000003546
10000003547
10000003548
10000003549
10000003550
10000003551
10000003552
10000003553
10000003554
10000003555
10000003556
10000003557
10000003558
10000003559
10000003560
10000003561
10000003562
10000003563
10000003564
10000003565
10000003566
10000003567
10000003568
10000003569
10000003570
10000003571
10000003572
10000003573
10000003574
10000003575
10000003576
10000003577
10000003578
10000003579
10000003580
10000003581
10000003582
10000003583
10000003584
10000003585
10000003586
10000003587
10000003588
10000003589
10000003590
10000003591
10000003592
10000003593
10000003594
10000003595
10000003596
10000003597
10000003598
10000003599
10000003600
10000003601
10000003602
10000003603
10000003604
10000003605
10000003606
10000003607
10000003608
10000003609
10000003610
10000003611
10000003612
10000003613
10000003614
10000003615
10000003616
10000003617
10000003618
10000003619
10000003620
10000003621
10000003622
10000003623
10000003624
10000003625
10000003626
10000003627
10000003628
10000003629
10000003630
10000003631
10000003632
10000003633
10000003634
10000003635
10000003636
10000003637
10000003638
10000003639
10000003640
10000003641
10000003642
10000003643
10000003644
10000003645
10000003646
10000003647
10000003648
10000003649
10000003650
10000003651
10000003652
10000003653
10000003654
10000003655
10000003656
10000003657
10000003658
10000003659
10000003660
10000003661
10000003662
10000003663
10000003664
10000003665
10000003666
10000003667
10000003668
10000003669
10000003670
10000003671
10000003672
10000003673
10000003674
10000003675
10000003676
10000003677
10000003678
10000003679
10000003680
10000003681
10000003682
10000003683
10000003684
10000003685
10000003686
10000003687
10000003688
10000003689
10000003690
10000003691
10000003692
10000003693
10000003694
10000003695
10000003696
10000003697
10000003698
10000003699
10000003700
10000003701
10000003702
10000003703
10000003704
10000003705
10000003706
10000003707
10000003708
10000003709
10000003710
10000003711
10000003712
10000003713
10000003714
10000003715
10000003716
10000003717
10000003718
10000003719
10000003720
10000003721
10000003722
10000003723
10000003724
10000003725
10000003726
10000003727
10000003728
10000003729
10000003730
10000003731
10000003732
10000003733
10000003734
10000003735
10000003736
10000003737
10000003738
10000003739
10000003740
10000003741
10000003742
10000003743
10000003744
10000003745
10000003746
10000003747
10000003748
10000003749
10000003750
10000003751
10000003752
10000003753
10000003754
10000003755
10000003756
10000003757
10000003758
10000003759
10000003760
10000003761
10000003762
10000003763
10000003764
10000003765
10000003766
10000003767
10000003768
10000003769
10000003770
10000003771
10000003772
10000003773
10000003774
10000003775
10000003776
10000003777
10000003778
10000003779
10000003780
10000003781
10000003782
10000003783
10000003784
10000003785
10000003786
10000003787
10000003788
10000003789
10000003790
10000003791
10000003792
10000003793
10000003794
10000003795
10000003796
10000003797
10000003798
10000003799
10000003800
10000003801
10000003802
10000003803
10000003804
10000003805
10000003806
10000003807
10000003808
10000003809
10000003810
10000003811
10000003812
10000003813
10000003814
10000003815
10000003816
10000003817
10000003818
10000003819
10000003820
10000003821
10000003822
10000003823
10000003824
10000003825
10000003826
10000003827
10000003828
10000003829
10000003830
10000003831
10000003832
10000003833
10000003834
10000003835
10000003836
10000003837
10000003838
10000003839
10000003840
10000003841
10000003842
10000003843
10000003844
10000003845
10000003846
10000003847
10000003848
10000003849
10000003850
10000003851
10000003852
10000003853
10000003854
10000003855
10000003856
10000003857
10000003858
10000003859
10000003860
10000003861
10000003862
10000003863
10000003864
10000003865
10000003866
10000003867
10000003868
10000003869
10000003870
10000003871
10000003872
10000003873
10000003874
10000003875
10000003876
10000003877
10000003878
10000003879
10000003880
10000003881
10000003882
10000003883
10000003884
10000003885
10000003886
10000003887
10000003888
10000003889
10000003890
10000003891
10000003892
10000003893
10000003894
10000003895
10000003896
10000003897
10000003898
10000003899
10000003900
10000003901
10000003902
10000003903
10000003904
10000003905
10000003906
10000003907
10000003908
10000003909
10000003910
10000003911
10000003912
10000003913
10000003914
10000003915
10000003916
10000003917
10000003918
10000003919
10000003920
10000003921
10000003922
10000003923
10000003924
10000003925
10000003926
10000003927
10000003928
10000003929
10000003930
10000003931
10000003932
10000003933
10000003934
10000003935
10000003936
10000003937
10000003938
100000