03939
10000003940
10000003941
10000003942
10000003943
10000003944
10000003945
10000003946
10000003947
10000003948
10000003949
10000003950
10000003951
10000003952
10000003953
10000003954
10000003955
10000003956
10000003957
10000003958
10000003959
10000003960
10000003961
10000003962
10000003963
10000003964
10000003965
10000003966
10000003967
10000003968
10000003969
10000003970
10000003971
10000003972
10000003973
10000003974
10000003975
10000003976
10000003977
10000003978
10000003979
10000003980
10000003981
10000003982
10000003983
10000003984
10000003985
10000003986
10000003987
10000003988
10000003989
10000003990
10000003991
10000003992
10000003993
10000003994
10000003995
10000003996
10000003997
10000003998
10000003999
10000004000
10000004001
10000004002
10000004003
10000004004
10000004005
10000004006
10000004007
10000004008
10000004009
10000004010
10000004011
10000004012
10000004013
10000004014
10000004015
10000004016
10000004017
10000004018
10000004019
10000004020
10000004021
10000004022
10000004023
10000004024
10000004025
10000004026
10000004027
10000004028
10000004029
10000004030
10000004031
10000004032
10000004033
10000004034
10000004035
10000004036
10000004037
10000004038
10000004039
10000004040
10000004041
10000004042
10000004043
10000004044
10000004045
10000004046
10000004047
10000004048
10000004049
10000004050
10000004051
10000004052
10000004053
10000004054
10000004055
10000004056
10000004057
10000004058
10000004059
10000004060
10000004061
10000004062
10000004063
10000004064
10000004065
10000004066
10000004067
10000004068
10000004069
10000004070
10000004071
10000004072
10000004073
10000004074
10000004075
10000004076
10000004077
10000004078
10000004079
10000004080
10000004081
10000004082
10000004083
10000004084
10000004085
10000004086
10000004087
10000004088
10000004089
10000004090
10000004091
10000004092
10000004093
10000004094
10000004095
10000004096
10000004097
10000004098
10000004099
10000004100
10000004101
10000004102
10000004103
10000004104
10000004105
10000004106
10000004107
10000004108
10000004109
10000004110
10000004111
10000004112
10000004113
10000004114
10000004115
10000004116
10000004117
10000004118
10000004119
10000004120
10000004121
10000004122
10000004123
10000004124
10000004125
10000004126
10000004127
10000004128
10000004129
10000004130
10000004131
10000004132
10000004133
10000004134
10000004135
10000004136
10000004137
10000004138
10000004139
10000004140
10000004141
10000004142
10000004143
10000004144
10000004145
10000004146
10000004147
10000004148
10000004149
10000004150
10000004151
10000004152
10000004153
10000004154
10000004155
10000004156
10000004157
10000004158
10000004159
10000004160
10000004161
10000004162
10000004163
10000004164
10000004165
10000004166
10000004167
10000004168
10000004169
10000004170
10000004171
10000004172
10000004173
10000004174
10000004175
10000004176
10000004177
10000004178
10000004179
10000004180
10000004181
10000004182
10000004183
10000004184
10000004185
10000004186
10000004187
10000004188
10000004189
10000004190
10000004191
10000004192
10000004193
10000004194
10000004195
10000004196
10000004197
10000004198
10000004199
10000004200
10000004201
10000004202
10000004203
10000004204
10000004205
10000004206
10000004207
10000004208
10000004209
10000004210
10000004211
10000004212
10000004213
10000004214
10000004215
10000004216
10000004217
10000004218
10000004219
10000004220
10000004221
10000004222
10000004223
10000004224
10000004225
10000004226
10000004227
10000004228
10000004229
10000004230
10000004231
10000004232
10000004233
10000004234
10000004235
10000004236
10000004237
10000004238
10000004239
10000004240
10000004241
10000004242
10000004243
10000004244
10000004245
10000004246
10000004247
10000004248
10000004249
10000004250
10000004251
10000004252
10000004253
10000004254
10000004255
10000004256
10000004257
10000004258
10000004259
10000004260
10000004261
10000004262
10000004263
10000004264
10000004265
10000004266
10000004267
10000004268
10000004269
10000004270
10000004271
10000004272
10000004273
10000004274
10000004275
10000004276
10000004277
10000004278
10000004279
10000004280
10000004281
10000004282
10000004283
10000004284
10000004285
10000004286
10000004287
10000004288
10000004289
10000004290
10000004291
10000004292
10000004293
10000004294
10000004295
10000004296
10000004297
10000004298
10000004299
10000004300
10000004301
10000004302
10000004303
10000004304
10000004305
10000004306
10000004307
10000004308
10000004309
10000004310
10000004311
10000004312
10000004313
10000004314
10000004315
10000004316
10000004317
10000004318
10000004319
10000004320
10000004321
10000004322
10000004323
10000004324
10000004325
10000004326
10000004327
10000004328
10000004329
10000004330
10000004331
10000004332
10000004333
10000004334
10000004335
10000004336
10000004337
10000004338
10000004339
10000004340
10000004341
10000004342
10000004343
10000004344
10000004345
10000004346
10000004347
10000004348
10000004349
10000004350
10000004351
10000004352
10000004353
10000004354
10000004355
10000004356
10000004357
10000004358
10000004359
10000004360
10000004361
10000004362
10000004363
10000004364
10000004365
10000004366
10000004367
10000004368
10000004369
10000004370
10000004371
10000004372
10000004373
10000004374
10000004375
10000004376
10000004377
10000004378
10000004379
10000004380
10000004381
10000004382
10000004383
10000004384
10000004385
10000004386
10000004387
10000004388
10000004389
10000004390
10000004391
10000004392
10000004393
10000004394
10000004395
10000004396
10000004397
10000004398
10000004399
10000004400
10000004401
10000004402
10000004403
10000004404
10000004405
10000004406
10000004407
10000004408
10000004409
10000004410
10000004411
10000004412
10000004413
10000004414
10000004415
10000004416
10000004417
10000004418
10000004419
10000004420
10000004421
10000004422
10000004423
10000004424
10000004425
10000004426
10000004427
10000004428
10000004429
10000004430
10000004431
10000004432
10000004433
10000004434
10000004435
10000004436
10000004437
10000004438
10000004439
10000004440
10000004441
10000004442
10000004443
10000004444
10000004445
10000004446
10000004447
10000004448
10000004449
10000004450
10000004451
10000004452
10000004453
10000004454
10000004455
10000004456
10000004457
10000004458
10000004459
10000004460
10000004461
10000004462
10000004463
10000004464
10000004465
10000004466
10000004467
10000004468
10000004469
10000004470
10000004471
10000004472
10000004473
10000004474
10000004475
10000004476
10000004477
10000004478
10000004479
10000004480
10000004481
10000004482
10000004483
10000004484
10000004485
10000004486
10000004487
10000004488
10000004489
10000004490
10000004491
10000004492
10000004493
10000004494
10000004495
10000004496
10000004497
10000004498
10000004499
10000004500
10000004501
10000004502
10000004503
10000004504
10000004505
10000004506
10000004507
10000004508
10000004509
10000004510
10000004511
10000004512
10000004513
10000004514
10000004515
10000004516
10000004517
10000004518
10000004519
10000004520
10000004521
10000004522
10000004523
10000004524
10000004525
10000004526
10000004527
10000004528
10000004529
10000004530
10000004531
10000004532
10000004533
10000004534
10000004535
10000004536
10000004537
10000004538
10000004539
10000004540
10000004541
10000004542
10000004543
10000004544
10000004545
10000004546
10000004547
10000004548
10000004549
10000004550
10000004551
10000004552
10000004553
10000004554
10000004555
10000004556
10000004557
10000004558
10000004559
10000004560
10000004561
10000004562
10000004563
10000004564
10000004565
10000004566
10000004567
10000004568
10000004569
10000004570
10000004571
10000004572
10000004573
10000004574
10000004575
10000004576
10000004577
10000004578
10000004579
10000004580
10000004581
10000004582
10000004583
10000004584
10000004585
10000004586
10000004587
10000004588
10000004589
10000004590
10000004591
10000004592
10000004593
10000004594
10000004595
10000004596
10000004597
10000004598
10000004599
10000004600
10000004601
10000004602
10000004603
10000004604
10000004605
10000004606
10000004607
10000004608
10000004609
10000004610
10000004611
10000004612
10000004613
10000004614
10000004615
10000004616
10000004617
10000004618
10000004619
10000004620
10000004621
10000004622
10000004623
10000004624
10000004625
10000004626
10000004627
10000004628
10000004629
10000004630
10000004631
10000004632
10000004633
10000004634
10000004635
10000004636
10000004637
10000004638
10000004639
10000004640
10000004641
10000004642
10000004643
10000004644
10000004645
10000004646
10000004647
10000004648
10000004649
10000004650
10000004651
10000004652
10000004653
10000004654
10000004655
10000004656
10000004657
10000004658
10000004659
10000004660
10000004661
10000004662
10000004663
10000004664
10000004665
10000004666
10000004667
10000004668
10000004669
10000004670
10000004671
10000004672
10000004673
10000004674
10000004675
10000004676
10000004677
10000004678
10000004679
10000004680
10000004681
10000004682
10000004683
10000004684
10000004685
10000004686
10000004687
10000004688
10000004689
10000004690
10000004691
10000004692
10000004693
10000004694
10000004695
10000004696
10000004697
10000004698
10000004699
10000004700
10000004701
10000004702
10000004703
10000004704
10000004705
10000004706
10000004707
10000004708
10000004709
10000004710
10000004711
10000004712
10000004713
10000004714
10000004715
10000004716
10000004717
10000004718
10000004719
10000004720
10000004721
10000004722
10000004723
10000004724
10000004725
10000004726
10