000004727
10000004728
10000004729
10000004730
10000004731
10000004732
10000004733
10000004734
10000004735
10000004736
10000004737
10000004738
10000004739
10000004740
10000004741
10000004742
10000004743
10000004744
10000004745
10000004746
10000004747
10000004748
10000004749
10000004750
10000004751
10000004752
10000004753
10000004754
10000004755
10000004756
10000004757
10000004758
10000004759
10000004760
10000004761
10000004762
10000004763
10000004764
10000004765
10000004766
10000004767
10000004768
10000004769
10000004770
10000004771
10000004772
10000004773
10000004774
10000004775
10000004776
10000004777
10000004778
10000004779
10000004780
10000004781
10000004782
10000004783
10000004784
10000004785
10000004786
10000004787
10000004788
10000004789
10000004790
10000004791
10000004792
10000004793
10000004794
10000004795
10000004796
10000004797
10000004798
10000004799
10000004800
10000004801
10000004802
10000004803
10000004804
10000004805
10000004806
10000004807
10000004808
10000004809
10000004810
10000004811
10000004812
10000004813
10000004814
10000004815
10000004816
10000004817
10000004818
10000004819
10000004820
10000004821
10000004822
10000004823
10000004824
10000004825
10000004826
10000004827
10000004828
10000004829
10000004830
10000004831
10000004832
10000004833
10000004834
10000004835
10000004836
10000004837
10000004838
10000004839
10000004840
10000004841
10000004842
10000004843
10000004844
10000004845
10000004846
10000004847
10000004848
10000004849
10000004850
10000004851
10000004852
10000004853
10000004854
10000004855
10000004856
10000004857
10000004858
10000004859
10000004860
10000004861
10000004862
10000004863
10000004864
10000004865
10000004866
10000004867
10000004868
10000004869
10000004870
10000004871
10000004872
10000004873
10000004874
10000004875
10000004876
10000004877
10000004878
10000004879
10000004880
10000004881
10000004882
10000004883
10000004884
10000004885
10000004886
10000004887
10000004888
10000004889
10000004890
10000004891
10000004892
10000004893
10000004894
10000004895
10000004896
10000004897
10000004898
10000004899
10000004900
10000004901
10000004902
10000004903
10000004904
10000004905
10000004906
10000004907
10000004908
10000004909
10000004910
10000004911
10000004912
10000004913
10000004914
10000004915
10000004916
10000004917
10000004918
10000004919
10000004920
10000004921
10000004922
10000004923
10000004924
10000004925
10000004926
10000004927
10000004928
10000004929
10000004930
10000004931
10000004932
10000004933
10000004934
10000004935
10000004936
10000004937
10000004938
10000004939
10000004940
10000004941
10000004942
10000004943
10000004944
10000004945
10000004946
10000004947
10000004948
10000004949
10000004950
10000004951
10000004952
10000004953
10000004954
10000004955
10000004956
10000004957
10000004958
10000004959
10000004960
10000004961
10000004962
10000004963
10000004964
10000004965
10000004966
10000004967
10000004968
10000004969
10000004970
10000004971
10000004972
10000004973
10000004974
10000004975
10000004976
10000004977
10000004978
10000004979
10000004980
10000004981
10000004982
10000004983
10000004984
10000004985
10000004986
10000004987
10000004988
10000004989
10000004990
10000004991
10000004992
10000004993
10000004994
10000004995
10000004996
10000004997
10000004998
10000004999
10000005000
10000005001
10000005002
10000005003
10000005004
10000005005
10000005006
10000005007
10000005008
10000005009
10000005010
10000005011
10000005012
10000005013
10000005014
10000005015
10000005016
10000005017
10000005018
10000005019
10000005020
10000005021
10000005022
10000005023
10000005024
10000005025
10000005026
10000005027
10000005028
10000005029
10000005030
10000005031
10000005032
10000005033
10000005034
10000005035
10000005036
10000005037
10000005038
10000005039
10000005040
10000005041
10000005042
10000005043
10000005044
10000005045
10000005046
10000005047
10000005048
10000005049
10000005050
10000005051
10000005052
10000005053
10000005054
10000005055
10000005056
10000005057
10000005058
10000005059
10000005060
10000005061
10000005062
10000005063
10000005064
10000005065
10000005066
10000005067
10000005068
10000005069
10000005070
10000005071
10000005072
10000005073
10000005074
10000005075
10000005076
10000005077
10000005078
10000005079
10000005080
10000005081
10000005082
10000005083
10000005084
10000005085
10000005086
10000005087
10000005088
10000005089
10000005090
10000005091
10000005092
10000005093
10000005094
10000005095
10000005096
10000005097
10000005098
10000005099
10000005100
10000005101
10000005102
10000005103
10000005104
10000005105
10000005106
10000005107
10000005108
10000005109
10000005110
10000005111
10000005112
10000005113
10000005114
10000005115
10000005116
10000005117
10000005118
10000005119
10000005120
10000005121
10000005122
10000005123
10000005124
10000005125
10000005126
10000005127
10000005128
10000005129
10000005130
10000005131
10000005132
10000005133
10000005134
10000005135
10000005136
10000005137
10000005138
10000005139
10000005140
10000005141
10000005142
10000005143
10000005144
10000005145
10000005146
10000005147
10000005148
10000005149
10000005150
10000005151
10000005152
10000005153
10000005154
10000005155
10000005156
10000005157
10000005158
10000005159
10000005160
10000005161
10000005162
10000005163
10000005164
10000005165
10000005166
10000005167
10000005168
10000005169
10000005170
10000005171
10000005172
10000005173
10000005174
10000005175
10000005176
10000005177
10000005178
10000005179
10000005180
10000005181
10000005182
10000005183
10000005184
10000005185
10000005186
10000005187
10000005188
10000005189
10000005190
10000005191
10000005192
10000005193
10000005194
10000005195
10000005196
10000005197
10000005198
10000005199
10000005200
10000005201
10000005202
10000005203
10000005204
10000005205
10000005206
10000005207
10000005208
10000005209
10000005210
10000005211
10000005212
10000005213
10000005214
10000005215
10000005216
10000005217
10000005218
10000005219
10000005220
10000005221
10000005222
10000005223
10000005224
10000005225
10000005226
10000005227
10000005228
10000005229
10000005230
10000005231
10000005232
10000005233
10000005234
10000005235
10000005236
10000005237
10000005238
10000005239
10000005240
10000005241
10000005242
10000005243
10000005244
10000005245
10000005246
10000005247
10000005248
10000005249
10000005250
10000005251
10000005252
10000005253
10000005254
10000005255
10000005256
10000005257
10000005258
10000005259
10000005260
10000005261
10000005262
10000005263
10000005264
10000005265
10000005266
10000005267
10000005268
10000005269
10000005270
10000005271
10000005272
10000005273
10000005274
10000005275
10000005276
10000005277
10000005278
10000005279
10000005280
10000005281
10000005282
10000005283
10000005284
10000005285
10000005286
10000005287
10000005288
10000005289
10000005290
10000005291
10000005292
10000005293
10000005294
10000005295
10000005296
10000005297
10000005298
10000005299
10000005300
10000005301
10000005302
10000005303
10000005304
10000005305
10000005306
10000005307
10000005308
10000005309
10000005310
10000005311
10000005312
10000005313
10000005314
10000005315
10000005316
10000005317
10000005318
10000005319
10000005320
10000005321
10000005322
10000005323
10000005324
10000005325
10000005326
10000005327
10000005328
10000005329
10000005330
10000005331
10000005332
10000005333
10000005334
10000005335
10000005336
10000005337
10000005338
10000005339
10000005340
10000005341
10000005342
10000005343
10000005344
10000005345
10000005346
10000005347
10000005348
10000005349
10000005350
10000005351
10000005352
10000005353
10000005354
10000005355
10000005356
10000005357
10000005358
10000005359
10000005360
10000005361
10000005362
10000005363
10000005364
10000005365
10000005366
10000005367
10000005368
10000005369
10000005370
10000005371
10000005372
10000005373
10000005374
10000005375
10000005376
10000005377
10000005378
10000005379
10000005380
10000005381
10000005382
10000005383
10000005384
10000005385
10000005386
10000005387
10000005388
10000005389
10000005390
10000005391
10000005392
10000005393
10000005394
10000005395
10000005396
10000005397
10000005398
10000005399
10000005400
10000005401
10000005402
10000005403
10000005404
10000005405
10000005406
10000005407
10000005408
10000005409
10000005410
10000005411
10000005412
10000005413
10000005414
10000005415
10000005416
10000005417
10000005418
10000005419
10000005420
10000005421
10000005422
10000005423
10000005424
10000005425
10000005426
10000005427
10000005428
10000005429
10000005430
10000005431
10000005432
10000005433
10000005434
10000005435
10000005436
10000005437
10000005438
10000005439
10000005440
10000005441
10000005442
10000005443
10000005444
10000005445
10000005446
10000005447
10000005448
10000005449
10000005450
10000005451
10000005452
10000005453
10000005454
10000005455
10000005456
10000005457
10000005458
10000005459
10000005460
10000005461
10000005462
10000005463
10000005464
10000005465
10000005466
10000005467
10000005468
10000005469
10000005470
10000005471
10000005472
10000005473
10000005474
10000005475
10000005476
10000005477
10000005478
10000005479
10000005480
10000005481
10000005482
10000005483
10000005484
10000005485
10000005486
10000005487
10000005488
10000005489
10000005490
10000005491
10000005492
10000005493
10000005494
10000005495
10000005496
10000005497
10000005498
10000005499
10000005500
10000005501
10000005502
10000005503
10000005504
10000005505
10000005506
10000005507
10000005508
10000005509
10000005510
10000005511
10000005512
10000005513
10000005514