
10000005515
10000005516
10000005517
10000005518
10000005519
10000005520
10000005521
10000005522
10000005523
10000005524
10000005525
10000005526
10000005527
10000005528
10000005529
10000005530
10000005531
10000005532
10000005533
10000005534
10000005535
10000005536
10000005537
10000005538
10000005539
10000005540
10000005541
10000005542
10000005543
10000005544
10000005545
10000005546
10000005547
10000005548
10000005549
10000005550
10000005551
10000005552
10000005553
10000005554
10000005555
10000005556
10000005557
10000005558
10000005559
10000005560
10000005561
10000005562
10000005563
10000005564
10000005565
10000005566
10000005567
10000005568
10000005569
10000005570
10000005571
10000005572
10000005573
10000005574
10000005575
10000005576
10000005577
10000005578
10000005579
10000005580
10000005581
10000005582
10000005583
10000005584
10000005585
10000005586
10000005587
10000005588
10000005589
10000005590
10000005591
10000005592
10000005593
10000005594
10000005595
10000005596
10000005597
10000005598
10000005599
10000005600
10000005601
10000005602
10000005603
10000005604
10000005605
10000005606
10000005607
10000005608
10000005609
10000005610
10000005611
10000005612
10000005613
10000005614
10000005615
10000005616
10000005617
10000005618
10000005619
10000005620
10000005621
10000005622
10000005623
10000005624
10000005625
10000005626
10000005627
10000005628
10000005629
10000005630
10000005631
10000005632
10000005633
10000005634
10000005635
10000005636
10000005637
10000005638
10000005639
10000005640
10000005641
10000005642
10000005643
10000005644
10000005645
10000005646
10000005647
10000005648
10000005649
10000005650
10000005651
10000005652
10000005653
10000005654
10000005655
10000005656
10000005657
10000005658
10000005659
10000005660
10000005661
10000005662
10000005663
10000005664
10000005665
10000005666
10000005667
10000005668
10000005669
10000005670
10000005671
10000005672
10000005673
10000005674
10000005675
10000005676
10000005677
10000005678
10000005679
10000005680
10000005681
10000005682
10000005683
10000005684
10000005685
10000005686
10000005687
10000005688
10000005689
10000005690
10000005691
10000005692
10000005693
10000005694
10000005695
10000005696
10000005697
10000005698
10000005699
10000005700
10000005701
10000005702
10000005703
10000005704
10000005705
10000005706
10000005707
10000005708
10000005709
10000005710
10000005711
10000005712
10000005713
10000005714
10000005715
10000005716
10000005717
10000005718
10000005719
10000005720
10000005721
10000005722
10000005723
10000005724
10000005725
10000005726
10000005727
10000005728
10000005729
10000005730
10000005731
10000005732
10000005733
10000005734
10000005735
10000005736
10000005737
10000005738
10000005739
10000005740
10000005741
10000005742
10000005743
10000005744
10000005745
10000005746
10000005747
10000005748
10000005749
10000005750
10000005751
10000005752
10000005753
10000005754
10000005755
10000005756
10000005757
10000005758
10000005759
10000005760
10000005761
10000005762
10000005763
10000005764
10000005765
10000005766
10000005767
10000005768
10000005769
10000005770
10000005771
10000005772
10000005773
10000005774
10000005775
10000005776
10000005777
10000005778
10000005779
10000005780
10000005781
10000005782
10000005783
10000005784
10000005785
10000005786
10000005787
10000005788
10000005789
10000005790
10000005791
10000005792
10000005793
10000005794
10000005795
10000005796
10000005797
10000005798
10000005799
10000005800
10000005801
10000005802
10000005803
10000005804
10000005805
10000005806
10000005807
10000005808
10000005809
10000005810
10000005811
10000005812
10000005813
10000005814
10000005815
10000005816
10000005817
10000005818
10000005819
10000005820
10000005821
10000005822
10000005823
10000005824
10000005825
10000005826
10000005827
10000005828
10000005829
10000005830
10000005831
10000005832
10000005833
10000005834
10000005835
10000005836
10000005837
10000005838
10000005839
10000005840
10000005841
10000005842
10000005843
10000005844
10000005845
10000005846
10000005847
10000005848
10000005849
10000005850
10000005851
10000005852
10000005853
10000005854
10000005855
10000005856
10000005857
10000005858
10000005859
10000005860
10000005861
10000005862
10000005863
10000005864
10000005865
10000005866
10000005867
10000005868
10000005869
10000005870
10000005871
10000005872
10000005873
10000005874
10000005875
10000005876
10000005877
10000005878
10000005879
10000005880
10000005881
10000005882
10000005883
10000005884
10000005885
10000005886
10000005887
10000005888
10000005889
10000005890
10000005891
10000005892
10000005893
10000005894
10000005895
10000005896
10000005897
10000005898
10000005899
10000005900
10000005901
10000005902
10000005903
10000005904
10000005905
10000005906
10000005907
10000005908
10000005909
10000005910
10000005911
10000005912
10000005913
10000005914
10000005915
10000005916
10000005917
10000005918
10000005919
10000005920
10000005921
10000005922
10000005923
10000005924
10000005925
10000005926
10000005927
10000005928
10000005929
10000005930
10000005931
10000005932
10000005933
10000005934
10000005935
10000005936
10000005937
10000005938
10000005939
10000005940
10000005941
10000005942
10000005943
10000005944
10000005945
10000005946
10000005947
10000005948
10000005949
10000005950
10000005951
10000005952
10000005953
10000005954
10000005955
10000005956
10000005957
10000005958
10000005959
10000005960
10000005961
10000005962
10000005963
10000005964
10000005965
10000005966
10000005967
10000005968
10000005969
10000005970
10000005971
10000005972
10000005973
10000005974
10000005975
10000005976
10000005977
10000005978
10000005979
10000005980
10000005981
10000005982
10000005983
10000005984
10000005985
10000005986
10000005987
10000005988
10000005989
10000005990
10000005991
10000005992
10000005993
10000005994
10000005995
10000005996
10000005997
10000005998
10000005999
10000006000
10000006001
10000006002
10000006003
10000006004
10000006005
10000006006
10000006007
10000006008
10000006009
10000006010
10000006011
10000006012
10000006013
10000006014
10000006015
10000006016
10000006017
10000006018
10000006019
10000006020
10000006021
10000006022
10000006023
10000006024
10000006025
10000006026
10000006027
10000006028
10000006029
10000006030
10000006031
10000006032
10000006033
10000006034
10000006035
10000006036
10000006037
10000006038
10000006039
10000006040
10000006041
10000006042
10000006043
10000006044
10000006045
10000006046
10000006047
10000006048
10000006049
10000006050
10000006051
10000006052
10000006053
10000006054
10000006055
10000006056
10000006057
10000006058
10000006059
10000006060
10000006061
10000006062
10000006063
10000006064
10000006065
10000006066
10000006067
10000006068
10000006069
10000006070
10000006071
10000006072
10000006073
10000006074
10000006075
10000006076
10000006077
10000006078
10000006079
10000006080
10000006081
10000006082
10000006083
10000006084
10000006085
10000006086
10000006087
10000006088
10000006089
10000006090
10000006091
10000006092
10000006093
10000006094
10000006095
10000006096
10000006097
10000006098
10000006099
10000006100
10000006101
10000006102
10000006103
10000006104
10000006105
10000006106
10000006107
10000006108
10000006109
10000006110
10000006111
10000006112
10000006113
10000006114
10000006115
10000006116
10000006117
10000006118
10000006119
10000006120
10000006121
10000006122
10000006123
10000006124
10000006125
10000006126
10000006127
10000006128
10000006129
10000006130
10000006131
10000006132
10000006133
10000006134
10000006135
10000006136
10000006137
10000006138
10000006139
10000006140
10000006141
10000006142
10000006143
10000006144
10000006145
10000006146
10000006147
10000006148
10000006149
10000006150
10000006151
10000006152
10000006153
10000006154
10000006155
10000006156
10000006157
10000006158
10000006159
10000006160
10000006161
10000006162
10000006163
10000006164
10000006165
10000006166
10000006167
10000006168
10000006169
10000006170
10000006171
10000006172
10000006173
10000006174
10000006175
10000006176
10000006177
10000006178
10000006179
10000006180
10000006181
10000006182
10000006183
10000006184
10000006185
10000006186
10000006187
10000006188
10000006189
10000006190
10000006191
10000006192
10000006193
10000006194
10000006195
10000006196
10000006197
10000006198
10000006199
10000006200
10000006201
10000006202
10000006203
10000006204
10000006205
10000006206
10000006207
10000006208
10000006209
10000006210
10000006211
10000006212
10000006213
10000006214
10000006215
10000006216
10000006217
10000006218
10000006219
10000006220
10000006221
10000006222
10000006223
10000006224
10000006225
10000006226
10000006227
10000006228
10000006229
10000006230
10000006231
10000006232
10000006233
10000006234
10000006235
10000006236
10000006237
10000006238
10000006239
10000006240
10000006241
10000006242
10000006243
10000006244
10000006245
10000006246
10000006247
10000006248
10000006249
10000006250
10000006251
10000006252
10000006253
10000006254
10000006255
10000006256
10000006257
10000006258
10000006259
10000006260
10000006261
10000006262
10000006263
10000006264
10000006265
10000006266
10000006267
10000006268
10000006269
10000006270
10000006271
10000006272
10000006273
10000006274
10000006275
10000006276
10000006277
10000006278
10000006279
10000006280
10000006281
10000006282
10000006283
10000006284
10000006285
10000006286
10000006287
10000006288
10000006289
10000006290
10000006291
10000006292
10000006293
10000006294
10000006295
10000006296
10000006297
10000006298
10000006299
10000006300
10000006301
1000000