6302
10000006303
10000006304
10000006305
10000006306
10000006307
10000006308
10000006309
10000006310
10000006311
10000006312
10000006313
10000006314
10000006315
10000006316
10000006317
10000006318
10000006319
10000006320
10000006321
10000006322
10000006323
10000006324
10000006325
10000006326
10000006327
10000006328
10000006329
10000006330
10000006331
10000006332
10000006333
10000006334
10000006335
10000006336
10000006337
10000006338
10000006339
10000006340
10000006341
10000006342
10000006343
10000006344
10000006345
10000006346
10000006347
10000006348
10000006349
10000006350
10000006351
10000006352
10000006353
10000006354
10000006355
10000006356
10000006357
10000006358
10000006359
10000006360
10000006361
10000006362
10000006363
10000006364
10000006365
10000006366
10000006367
10000006368
10000006369
10000006370
10000006371
10000006372
10000006373
10000006374
10000006375
10000006376
10000006377
10000006378
10000006379
10000006380
10000006381
10000006382
10000006383
10000006384
10000006385
10000006386
10000006387
10000006388
10000006389
10000006390
10000006391
10000006392
10000006393
10000006394
10000006395
10000006396
10000006397
10000006398
10000006399
10000006400
10000006401
10000006402
10000006403
10000006404
10000006405
10000006406
10000006407
10000006408
10000006409
10000006410
10000006411
10000006412
10000006413
10000006414
10000006415
10000006416
10000006417
10000006418
10000006419
10000006420
10000006421
10000006422
10000006423
10000006424
10000006425
10000006426
10000006427
10000006428
10000006429
10000006430
10000006431
10000006432
10000006433
10000006434
10000006435
10000006436
10000006437
10000006438
10000006439
10000006440
10000006441
10000006442
10000006443
10000006444
10000006445
10000006446
10000006447
10000006448
10000006449
10000006450
10000006451
10000006452
10000006453
10000006454
10000006455
10000006456
10000006457
10000006458
10000006459
10000006460
10000006461
10000006462
10000006463
10000006464
10000006465
10000006466
10000006467
10000006468
10000006469
10000006470
10000006471
10000006472
10000006473
10000006474
10000006475
10000006476
10000006477
10000006478
10000006479
10000006480
10000006481
10000006482
10000006483
10000006484
10000006485
10000006486
10000006487
10000006488
10000006489
10000006490
10000006491
10000006492
10000006493
10000006494
10000006495
10000006496
10000006497
10000006498
10000006499
10000006500
10000006501
10000006502
10000006503
10000006504
10000006505
10000006506
10000006507
10000006508
10000006509
10000006510
10000006511
10000006512
10000006513
10000006514
10000006515
10000006516
10000006517
10000006518
10000006519
10000006520
10000006521
10000006522
10000006523
10000006524
10000006525
10000006526
10000006527
10000006528
10000006529
10000006530
10000006531
10000006532
10000006533
10000006534
10000006535
10000006536
10000006537
10000006538
10000006539
10000006540
10000006541
10000006542
10000006543
10000006544
10000006545
10000006546
10000006547
10000006548
10000006549
10000006550
10000006551
10000006552
10000006553
10000006554
10000006555
10000006556
10000006557
10000006558
10000006559
10000006560
10000006561
10000006562
10000006563
10000006564
10000006565
10000006566
10000006567
10000006568
10000006569
10000006570
10000006571
10000006572
10000006573
10000006574
10000006575
10000006576
10000006577
10000006578
10000006579
10000006580
10000006581
10000006582
10000006583
10000006584
10000006585
10000006586
10000006587
10000006588
10000006589
10000006590
10000006591
10000006592
10000006593
10000006594
10000006595
10000006596
10000006597
10000006598
10000006599
10000006600
10000006601
10000006602
10000006603
10000006604
10000006605
10000006606
10000006607
10000006608
10000006609
10000006610
10000006611
10000006612
10000006613
10000006614
10000006615
10000006616
10000006617
10000006618
10000006619
10000006620
10000006621
10000006622
10000006623
10000006624
10000006625
10000006626
10000006627
10000006628
10000006629
10000006630
10000006631
10000006632
10000006633
10000006634
10000006635
10000006636
10000006637
10000006638
10000006639
10000006640
10000006641
10000006642
10000006643
10000006644
10000006645
10000006646
10000006647
10000006648
10000006649
10000006650
10000006651
10000006652
10000006653
10000006654
10000006655
10000006656
10000006657
10000006658
10000006659
10000006660
10000006661
10000006662
10000006663
10000006664
10000006665
10000006666
10000006667
10000006668
10000006669
10000006670
10000006671
10000006672
10000006673
10000006674
10000006675
10000006676
10000006677
10000006678
10000006679
10000006680
10000006681
10000006682
10000006683
10000006684
10000006685
10000006686
10000006687
10000006688
10000006689
10000006690
10000006691
10000006692
10000006693
10000006694
10000006695
10000006696
10000006697
10000006698
10000006699
10000006700
10000006701
10000006702
10000006703
10000006704
10000006705
10000006706
10000006707
10000006708
10000006709
10000006710
10000006711
10000006712
10000006713
10000006714
10000006715
10000006716
10000006717
10000006718
10000006719
10000006720
10000006721
10000006722
10000006723
10000006724
10000006725
10000006726
10000006727
10000006728
10000006729
10000006730
10000006731
10000006732
10000006733
10000006734
10000006735
10000006736
10000006737
10000006738
10000006739
10000006740
10000006741
10000006742
10000006743
10000006744
10000006745
10000006746
10000006747
10000006748
10000006749
10000006750
10000006751
10000006752
10000006753
10000006754
10000006755
10000006756
10000006757
10000006758
10000006759
10000006760
10000006761
10000006762
10000006763
10000006764
10000006765
10000006766
10000006767
10000006768
10000006769
10000006770
10000006771
10000006772
10000006773
10000006774
10000006775
10000006776
10000006777
10000006778
10000006779
10000006780
10000006781
10000006782
10000006783
10000006784
10000006785
10000006786
10000006787
10000006788
10000006789
10000006790
10000006791
10000006792
10000006793
10000006794
10000006795
10000006796
10000006797
10000006798
10000006799
10000006800
10000006801
10000006802
10000006803
10000006804
10000006805
10000006806
10000006807
10000006808
10000006809
10000006810
10000006811
10000006812
10000006813
10000006814
10000006815
10000006816
10000006817
10000006818
10000006819
10000006820
10000006821
10000006822
10000006823
10000006824
10000006825
10000006826
10000006827
10000006828
10000006829
10000006830
10000006831
10000006832
10000006833
10000006834
10000006835
10000006836
10000006837
10000006838
10000006839
10000006840
10000006841
10000006842
10000006843
10000006844
10000006845
10000006846
10000006847
10000006848
10000006849
10000006850
10000006851
10000006852
10000006853
10000006854
10000006855
10000006856
10000006857
10000006858
10000006859
10000006860
10000006861
10000006862
10000006863
10000006864
10000006865
10000006866
10000006867
10000006868
10000006869
10000006870
10000006871
10000006872
10000006873
10000006874
10000006875
10000006876
10000006877
10000006878
10000006879
10000006880
10000006881
10000006882
10000006883
10000006884
10000006885
10000006886
10000006887
10000006888
10000006889
10000006890
10000006891
10000006892
10000006893
10000006894
10000006895
10000006896
10000006897
10000006898
10000006899
10000006900
10000006901
10000006902
10000006903
10000006904
10000006905
10000006906
10000006907
10000006908
10000006909
10000006910
10000006911
10000006912
10000006913
10000006914
10000006915
10000006916
10000006917
10000006918
10000006919
10000006920
10000006921
10000006922
10000006923
10000006924
10000006925
10000006926
10000006927
10000006928
10000006929
10000006930
10000006931
10000006932
10000006933
10000006934
10000006935
10000006936
10000006937
10000006938
10000006939
10000006940
10000006941
10000006942
10000006943
10000006944
10000006945
10000006946
10000006947
10000006948
10000006949
10000006950
10000006951
10000006952
10000006953
10000006954
10000006955
10000006956
10000006957
10000006958
10000006959
10000006960
10000006961
10000006962
10000006963
10000006964
10000006965
10000006966
10000006967
10000006968
10000006969
10000006970
10000006971
10000006972
10000006973
10000006974
10000006975
10000006976
10000006977
10000006978
10000006979
10000006980
10000006981
10000006982
10000006983
10000006984
10000006985
10000006986
10000006987
10000006988
10000006989
10000006990
10000006991
10000006992
10000006993
10000006994
10000006995
10000006996
10000006997
10000006998
10000006999
10000007000
10000007001
10000007002
10000007003
10000007004
10000007005
10000007006
10000007007
10000007008
10000007009
10000007010
10000007011
10000007012
10000007013
10000007014
10000007015
10000007016
10000007017
10000007018
10000007019
10000007020
10000007021
10000007022
10000007023
10000007024
10000007025
10000007026
10000007027
10000007028
10000007029
10000007030
10000007031
10000007032
10000007033
10000007034
10000007035
10000007036
10000007037
10000007038
10000007039
10000007040
10000007041
10000007042
10000007043
10000007044
10000007045
10000007046
10000007047
10000007048
10000007049
10000007050
10000007051
10000007052
10000007053
10000007054
10000007055
10000007056
10000007057
10000007058
10000007059
10000007060
10000007061
10000007062
10000007063
10000007064
10000007065
10000007066
10000007067
10000007068
10000007069
10000007070
10000007071
10000007072
10000007073
10000007074
10000007075
10000007076
10000007077
10000007078
10000007079
10000007080
10000007081
10000007082
10000007083
10000007084
10000007085
10000007086
10000007087
10000007088
10000007089
100