00007090
10000007091
10000007092
10000007093
10000007094
10000007095
10000007096
10000007097
10000007098
10000007099
10000007100
10000007101
10000007102
10000007103
10000007104
10000007105
10000007106
10000007107
10000007108
10000007109
10000007110
10000007111
10000007112
10000007113
10000007114
10000007115
10000007116
10000007117
10000007118
10000007119
10000007120
10000007121
10000007122
10000007123
10000007124
10000007125
10000007126
10000007127
10000007128
10000007129
10000007130
10000007131
10000007132
10000007133
10000007134
10000007135
10000007136
10000007137
10000007138
10000007139
10000007140
10000007141
10000007142
10000007143
10000007144
10000007145
10000007146
10000007147
10000007148
10000007149
10000007150
10000007151
10000007152
10000007153
10000007154
10000007155
10000007156
10000007157
10000007158
10000007159
10000007160
10000007161
10000007162
10000007163
10000007164
10000007165
10000007166
10000007167
10000007168
10000007169
10000007170
10000007171
10000007172
10000007173
10000007174
10000007175
10000007176
10000007177
10000007178
10000007179
10000007180
10000007181
10000007182
10000007183
10000007184
10000007185
10000007186
10000007187
10000007188
10000007189
10000007190
10000007191
10000007192
10000007193
10000007194
10000007195
10000007196
10000007197
10000007198
10000007199
10000007200
10000007201
10000007202
10000007203
10000007204
10000007205
10000007206
10000007207
10000007208
10000007209
10000007210
10000007211
10000007212
10000007213
10000007214
10000007215
10000007216
10000007217
10000007218
10000007219
10000007220
10000007221
10000007222
10000007223
10000007224
10000007225
10000007226
10000007227
10000007228
10000007229
10000007230
10000007231
10000007232
10000007233
10000007234
10000007235
10000007236
10000007237
10000007238
10000007239
10000007240
10000007241
10000007242
10000007243
10000007244
10000007245
10000007246
10000007247
10000007248
10000007249
10000007250
10000007251
10000007252
10000007253
10000007254
10000007255
10000007256
10000007257
10000007258
10000007259
10000007260
10000007261
10000007262
10000007263
10000007264
10000007265
10000007266
10000007267
10000007268
10000007269
10000007270
10000007271
10000007272
10000007273
10000007274
10000007275
10000007276
10000007277
10000007278
10000007279
10000007280
10000007281
10000007282
10000007283
10000007284
10000007285
10000007286
10000007287
10000007288
10000007289
10000007290
10000007291
10000007292
10000007293
10000007294
10000007295
10000007296
10000007297
10000007298
10000007299
10000007300
10000007301
10000007302
10000007303
10000007304
10000007305
10000007306
10000007307
10000007308
10000007309
10000007310
10000007311
10000007312
10000007313
10000007314
10000007315
10000007316
10000007317
10000007318
10000007319
10000007320
10000007321
10000007322
10000007323
10000007324
10000007325
10000007326
10000007327
10000007328
10000007329
10000007330
10000007331
10000007332
10000007333
10000007334
10000007335
10000007336
10000007337
10000007338
10000007339
10000007340
10000007341
10000007342
10000007343
10000007344
10000007345
10000007346
10000007347
10000007348
10000007349
10000007350
10000007351
10000007352
10000007353
10000007354
10000007355
10000007356
10000007357
10000007358
10000007359
10000007360
10000007361
10000007362
10000007363
10000007364
10000007365
10000007366
10000007367
10000007368
10000007369
10000007370
10000007371
10000007372
10000007373
10000007374
10000007375
10000007376
10000007377
10000007378
10000007379
10000007380
10000007381
10000007382
10000007383
10000007384
10000007385
10000007386
10000007387
10000007388
10000007389
10000007390
10000007391
10000007392
10000007393
10000007394
10000007395
10000007396
10000007397
10000007398
10000007399
10000007400
10000007401
10000007402
10000007403
10000007404
10000007405
10000007406
10000007407
10000007408
10000007409
10000007410
10000007411
10000007412
10000007413
10000007414
10000007415
10000007416
10000007417
10000007418
10000007419
10000007420
10000007421
10000007422
10000007423
10000007424
10000007425
10000007426
10000007427
10000007428
10000007429
10000007430
10000007431
10000007432
10000007433
10000007434
10000007435
10000007436
10000007437
10000007438
10000007439
10000007440
10000007441
10000007442
10000007443
10000007444
10000007445
10000007446
10000007447
10000007448
10000007449
10000007450
10000007451
10000007452
10000007453
10000007454
10000007455
10000007456
10000007457
10000007458
10000007459
10000007460
10000007461
10000007462
10000007463
10000007464
10000007465
10000007466
10000007467
10000007468
10000007469
10000007470
10000007471
10000007472
10000007473
10000007474
10000007475
10000007476
10000007477
10000007478
10000007479
10000007480
10000007481
10000007482
10000007483
10000007484
10000007485
10000007486
10000007487
10000007488
10000007489
10000007490
10000007491
10000007492
10000007493
10000007494
10000007495
10000007496
10000007497
10000007498
10000007499
10000007500
10000007501
10000007502
10000007503
10000007504
10000007505
10000007506
10000007507
10000007508
10000007509
10000007510
10000007511
10000007512
10000007513
10000007514
10000007515
10000007516
10000007517
10000007518
10000007519
10000007520
10000007521
10000007522
10000007523
10000007524
10000007525
10000007526
10000007527
10000007528
10000007529
10000007530
10000007531
10000007532
10000007533
10000007534
10000007535
10000007536
10000007537
10000007538
10000007539
10000007540
10000007541
10000007542
10000007543
10000007544
10000007545
10000007546
10000007547
10000007548
10000007549
10000007550
10000007551
10000007552
10000007553
10000007554
10000007555
10000007556
10000007557
10000007558
10000007559
10000007560
10000007561
10000007562
10000007563
10000007564
10000007565
10000007566
10000007567
10000007568
10000007569
10000007570
10000007571
10000007572
10000007573
10000007574
10000007575
10000007576
10000007577
10000007578
10000007579
10000007580
10000007581
10000007582
10000007583
10000007584
10000007585
10000007586
10000007587
10000007588
10000007589
10000007590
10000007591
10000007592
10000007593
10000007594
10000007595
10000007596
10000007597
10000007598
10000007599
10000007600
10000007601
10000007602
10000007603
10000007604
10000007605
10000007606
10000007607
10000007608
10000007609
10000007610
10000007611
10000007612
10000007613
10000007614
10000007615
10000007616
10000007617
10000007618
10000007619
10000007620
10000007621
10000007622
10000007623
10000007624
10000007625
10000007626
10000007627
10000007628
10000007629
10000007630
10000007631
10000007632
10000007633
10000007634
10000007635
10000007636
10000007637
10000007638
10000007639
10000007640
10000007641
10000007642
10000007643
10000007644
10000007645
10000007646
10000007647
10000007648
10000007649
10000007650
10000007651
10000007652
10000007653
10000007654
10000007655
10000007656
10000007657
10000007658
10000007659
10000007660
10000007661
10000007662
10000007663
10000007664
10000007665
10000007666
10000007667
10000007668
10000007669
10000007670
10000007671
10000007672
10000007673
10000007674
10000007675
10000007676
10000007677
10000007678
10000007679
10000007680
10000007681
10000007682
10000007683
10000007684
10000007685
10000007686
10000007687
10000007688
10000007689
10000007690
10000007691
10000007692
10000007693
10000007694
10000007695
10000007696
10000007697
10000007698
10000007699
10000007700
10000007701
10000007702
10000007703
10000007704
10000007705
10000007706
10000007707
10000007708
10000007709
10000007710
10000007711
10000007712
10000007713
10000007714
10000007715
10000007716
10000007717
10000007718
10000007719
10000007720
10000007721
10000007722
10000007723
10000007724
10000007725
10000007726
10000007727
10000007728
10000007729
10000007730
10000007731
10000007732
10000007733
10000007734
10000007735
10000007736
10000007737
10000007738
10000007739
10000007740
10000007741
10000007742
10000007743
10000007744
10000007745
10000007746
10000007747
10000007748
10000007749
10000007750
10000007751
10000007752
10000007753
10000007754
10000007755
10000007756
10000007757
10000007758
10000007759
10000007760
10000007761
10000007762
10000007763
10000007764
10000007765
10000007766
10000007767
10000007768
10000007769
10000007770
10000007771
10000007772
10000007773
10000007774
10000007775
10000007776
10000007777
10000007778
10000007779
10000007780
10000007781
10000007782
10000007783
10000007784
10000007785
10000007786
10000007787
10000007788
10000007789
10000007790
10000007791
10000007792
10000007793
10000007794
10000007795
10000007796
10000007797
10000007798
10000007799
10000007800
10000007801
10000007802
10000007803
10000007804
10000007805
10000007806
10000007807
10000007808
10000007809
10000007810
10000007811
10000007812
10000007813
10000007814
10000007815
10000007816
10000007817
10000007818
10000007819
10000007820
10000007821
10000007822
10000007823
10000007824
10000007825
10000007826
10000007827
10000007828
10000007829
10000007830
10000007831
10000007832
10000007833
10000007834
10000007835
10000007836
10000007837
10000007838
10000007839
10000007840
10000007841
10000007842
10000007843
10000007844
10000007845
10000007846
10000007847
10000007848
10000007849
10000007850
10000007851
10000007852
10000007853
10000007854
10000007855
10000007856
10000007857
10000007858
10000007859
10000007860
10000007861
10000007862
10000007863
10000007864
10000007865
10000007866
10000007867
10000007868
10000007869
10000007870
10000007871
10000007872
10000007873
10000007874
10000007875
10000007876
10000007877