
10000007878
10000007879
10000007880
10000007881
10000007882
10000007883
10000007884
10000007885
10000007886
10000007887
10000007888
10000007889
10000007890
10000007891
10000007892
10000007893
10000007894
10000007895
10000007896
10000007897
10000007898
10000007899
10000007900
10000007901
10000007902
10000007903
10000007904
10000007905
10000007906
10000007907
10000007908
10000007909
10000007910
10000007911
10000007912
10000007913
10000007914
10000007915
10000007916
10000007917
10000007918
10000007919
10000007920
10000007921
10000007922
10000007923
10000007924
10000007925
10000007926
10000007927
10000007928
10000007929
10000007930
10000007931
10000007932
10000007933
10000007934
10000007935
10000007936
10000007937
10000007938
10000007939
10000007940
10000007941
10000007942
10000007943
10000007944
10000007945
10000007946
10000007947
10000007948
10000007949
10000007950
10000007951
10000007952
10000007953
10000007954
10000007955
10000007956
10000007957
10000007958
10000007959
10000007960
10000007961
10000007962
10000007963
10000007964
10000007965
10000007966
10000007967
10000007968
10000007969
10000007970
10000007971
10000007972
10000007973
10000007974
10000007975
10000007976
10000007977
10000007978
10000007979
10000007980
10000007981
10000007982
10000007983
10000007984
10000007985
10000007986
10000007987
10000007988
10000007989
10000007990
10000007991
10000007992
10000007993
10000007994
10000007995
10000007996
10000007997
10000007998
10000007999
10000008000
10000008001
10000008002
10000008003
10000008004
10000008005
10000008006
10000008007
10000008008
10000008009
10000008010
10000008011
10000008012
10000008013
10000008014
10000008015
10000008016
10000008017
10000008018
10000008019
10000008020
10000008021
10000008022
10000008023
10000008024
10000008025
10000008026
10000008027
10000008028
10000008029
10000008030
10000008031
10000008032
10000008033
10000008034
10000008035
10000008036
10000008037
10000008038
10000008039
10000008040
10000008041
10000008042
10000008043
10000008044
10000008045
10000008046
10000008047
10000008048
10000008049
10000008050
10000008051
10000008052
10000008053
10000008054
10000008055
10000008056
10000008057
10000008058
10000008059
10000008060
10000008061
10000008062
10000008063
10000008064
10000008065
10000008066
10000008067
10000008068
10000008069
10000008070
10000008071
10000008072
10000008073
10000008074
10000008075
10000008076
10000008077
10000008078
10000008079
10000008080
10000008081
10000008082
10000008083
10000008084
10000008085
10000008086
10000008087
10000008088
10000008089
10000008090
10000008091
10000008092
10000008093
10000008094
10000008095
10000008096
10000008097
10000008098
10000008099
10000008100
10000008101
10000008102
10000008103
10000008104
10000008105
10000008106
10000008107
10000008108
10000008109
10000008110
10000008111
10000008112
10000008113
10000008114
10000008115
10000008116
10000008117
10000008118
10000008119
10000008120
10000008121
10000008122
10000008123
10000008124
10000008125
10000008126
10000008127
10000008128
10000008129
10000008130
10000008131
10000008132
10000008133
10000008134
10000008135
10000008136
10000008137
10000008138
10000008139
10000008140
10000008141
10000008142
10000008143
10000008144
10000008145
10000008146
10000008147
10000008148
10000008149
10000008150
10000008151
10000008152
10000008153
10000008154
10000008155
10000008156
10000008157
10000008158
10000008159
10000008160
10000008161
10000008162
10000008163
10000008164
10000008165
10000008166
10000008167
10000008168
10000008169
10000008170
10000008171
10000008172
10000008173
10000008174
10000008175
10000008176
10000008177
10000008178
10000008179
10000008180
10000008181
10000008182
10000008183
10000008184
10000008185
10000008186
10000008187
10000008188
10000008189
10000008190
10000008191
10000008192
10000008193
10000008194
10000008195
10000008196
10000008197
10000008198
10000008199
10000008200
10000008201
10000008202
10000008203
10000008204
10000008205
10000008206
10000008207
10000008208
10000008209
10000008210
10000008211
10000008212
10000008213
10000008214
10000008215
10000008216
10000008217
10000008218
10000008219
10000008220
10000008221
10000008222
10000008223
10000008224
10000008225
10000008226
10000008227
10000008228
10000008229
10000008230
10000008231
10000008232
10000008233
10000008234
10000008235
10000008236
10000008237
10000008238
10000008239
10000008240
10000008241
10000008242
10000008243
10000008244
10000008245
10000008246
10000008247
10000008248
10000008249
10000008250
10000008251
10000008252
10000008253
10000008254
10000008255
10000008256
10000008257
10000008258
10000008259
10000008260
10000008261
10000008262
10000008263
10000008264
10000008265
10000008266
10000008267
10000008268
10000008269
10000008270
10000008271
10000008272
10000008273
10000008274
10000008275
10000008276
10000008277
10000008278
10000008279
10000008280
10000008281
10000008282
10000008283
10000008284
10000008285
10000008286
10000008287
10000008288
10000008289
10000008290
10000008291
10000008292
10000008293
10000008294
10000008295
10000008296
10000008297
10000008298
10000008299
10000008300
10000008301
10000008302
10000008303
10000008304
10000008305
10000008306
10000008307
10000008308
10000008309
10000008310
10000008311
10000008312
10000008313
10000008314
10000008315
10000008316
10000008317
10000008318
10000008319
10000008320
10000008321
10000008322
10000008323
10000008324
10000008325
10000008326
10000008327
10000008328
10000008329
10000008330
10000008331
10000008332
10000008333
10000008334
10000008335
10000008336
10000008337
10000008338
10000008339
10000008340
10000008341
10000008342
10000008343
10000008344
10000008345
10000008346
10000008347
10000008348
10000008349
10000008350
10000008351
10000008352
10000008353
10000008354
10000008355
10000008356
10000008357
10000008358
10000008359
10000008360
10000008361
10000008362
10000008363
10000008364
10000008365
10000008366
10000008367
10000008368
10000008369
10000008370
10000008371
10000008372
10000008373
10000008374
10000008375
10000008376
10000008377
10000008378
10000008379
10000008380
10000008381
10000008382
10000008383
10000008384
10000008385
10000008386
10000008387
10000008388
10000008389
10000008390
10000008391
10000008392
10000008393
10000008394
10000008395
10000008396
10000008397
10000008398
10000008399
10000008400
10000008401
10000008402
10000008403
10000008404
10000008405
10000008406
10000008407
10000008408
10000008409
10000008410
10000008411
10000008412
10000008413
10000008414
10000008415
10000008416
10000008417
10000008418
10000008419
10000008420
10000008421
10000008422
10000008423
10000008424
10000008425
10000008426
10000008427
10000008428
10000008429
10000008430
10000008431
10000008432
10000008433
10000008434
10000008435
10000008436
10000008437
10000008438
10000008439
10000008440
10000008441
10000008442
10000008443
10000008444
10000008445
10000008446
10000008447
10000008448
10000008449
10000008450
10000008451
10000008452
10000008453
10000008454
10000008455
10000008456
10000008457
10000008458
10000008459
10000008460
10000008461
10000008462
10000008463
10000008464
10000008465
10000008466
10000008467
10000008468
10000008469
10000008470
10000008471
10000008472
10000008473
10000008474
10000008475
10000008476
10000008477
10000008478
10000008479
10000008480
10000008481
10000008482
10000008483
10000008484
10000008485
10000008486
10000008487
10000008488
10000008489
10000008490
10000008491
10000008492
10000008493
10000008494
10000008495
10000008496
10000008497
10000008498
10000008499
10000008500
10000008501
10000008502
10000008503
10000008504
10000008505
10000008506
10000008507
10000008508
10000008509
10000008510
10000008511
10000008512
10000008513
10000008514
10000008515
10000008516
10000008517
10000008518
10000008519
10000008520
10000008521
10000008522
10000008523
10000008524
10000008525
10000008526
10000008527
10000008528
10000008529
10000008530
10000008531
10000008532
10000008533
10000008534
10000008535
10000008536
10000008537
10000008538
10000008539
10000008540
10000008541
10000008542
10000008543
10000008544
10000008545
10000008546
10000008547
10000008548
10000008549
10000008550
10000008551
10000008552
10000008553
10000008554
10000008555
10000008556
10000008557
10000008558
10000008559
10000008560
10000008561
10000008562
10000008563
10000008564
10000008565
10000008566
10000008567
10000008568
10000008569
10000008570
10000008571
10000008572
10000008573
10000008574
10000008575
10000008576
10000008577
10000008578
10000008579
10000008580
10000008581
10000008582
10000008583
10000008584
10000008585
10000008586
10000008587
10000008588
10000008589
10000008590
10000008591
10000008592
10000008593
10000008594
10000008595
10000008596
10000008597
10000008598
10000008599
10000008600
10000008601
10000008602
10000008603
10000008604
10000008605
10000008606
10000008607
10000008608
10000008609
10000008610
10000008611
10000008612
10000008613
10000008614
10000008615
10000008616
10000008617
10000008618
10000008619
10000008620
10000008621
10000008622
10000008623
10000008624
10000008625
10000008626
10000008627
10000008628
10000008629
10000008630
10000008631
10000008632
10000008633
10000008634
10000008635
10000008636
10000008637
10000008638
10000008639
10000008640
10000008641
10000008642
10000008643
10000008644
10000008645
10000008646
10000008647
10000008648
10000008649
10000008650
10000008651
10000008652
10000008653
10000008654
10000008655
10000008656
10000008657
10000008658
10000008659
10000008660
10000008661
10000008662
10000008663
10000008664
10000008