665
10000008666
10000008667
10000008668
10000008669
10000008670
10000008671
10000008672
10000008673
10000008674
10000008675
10000008676
10000008677
10000008678
10000008679
10000008680
10000008681
10000008682
10000008683
10000008684
10000008685
10000008686
10000008687
10000008688
10000008689
10000008690
10000008691
10000008692
10000008693
10000008694
10000008695
10000008696
10000008697
10000008698
10000008699
10000008700
10000008701
10000008702
10000008703
10000008704
10000008705
10000008706
10000008707
10000008708
10000008709
10000008710
10000008711
10000008712
10000008713
10000008714
10000008715
10000008716
10000008717
10000008718
10000008719
10000008720
10000008721
10000008722
10000008723
10000008724
10000008725
10000008726
10000008727
10000008728
10000008729
10000008730
10000008731
10000008732
10000008733
10000008734
10000008735
10000008736
10000008737
10000008738
10000008739
10000008740
10000008741
10000008742
10000008743
10000008744
10000008745
10000008746
10000008747
10000008748
10000008749
10000008750
10000008751
10000008752
10000008753
10000008754
10000008755
10000008756
10000008757
10000008758
10000008759
10000008760
10000008761
10000008762
10000008763
10000008764
10000008765
10000008766
10000008767
10000008768
10000008769
10000008770
10000008771
10000008772
10000008773
10000008774
10000008775
10000008776
10000008777
10000008778
10000008779
10000008780
10000008781
10000008782
10000008783
10000008784
10000008785
10000008786
10000008787
10000008788
10000008789
10000008790
10000008791
10000008792
10000008793
10000008794
10000008795
10000008796
10000008797
10000008798
10000008799
10000008800
10000008801
10000008802
10000008803
10000008804
10000008805
10000008806
10000008807
10000008808
10000008809
10000008810
10000008811
10000008812
10000008813
10000008814
10000008815
10000008816
10000008817
10000008818
10000008819
10000008820
10000008821
10000008822
10000008823
10000008824
10000008825
10000008826
10000008827
10000008828
10000008829
10000008830
10000008831
10000008832
10000008833
10000008834
10000008835
10000008836
10000008837
10000008838
10000008839
10000008840
10000008841
10000008842
10000008843
10000008844
10000008845
10000008846
10000008847
10000008848
10000008849
10000008850
10000008851
10000008852
10000008853
10000008854
10000008855
10000008856
10000008857
10000008858
10000008859
10000008860
10000008861
10000008862
10000008863
10000008864
10000008865
10000008866
10000008867
10000008868
10000008869
10000008870
10000008871
10000008872
10000008873
10000008874
10000008875
10000008876
10000008877
10000008878
10000008879
10000008880
10000008881
10000008882
10000008883
10000008884
10000008885
10000008886
10000008887
10000008888
10000008889
10000008890
10000008891
10000008892
10000008893
10000008894
10000008895
10000008896
10000008897
10000008898
10000008899
10000008900
10000008901
10000008902
10000008903
10000008904
10000008905
10000008906
10000008907
10000008908
10000008909
10000008910
10000008911
10000008912
10000008913
10000008914
10000008915
10000008916
10000008917
10000008918
10000008919
10000008920
10000008921
10000008922
10000008923
10000008924
10000008925
10000008926
10000008927
10000008928
10000008929
10000008930
10000008931
10000008932
10000008933
10000008934
10000008935
10000008936
10000008937
10000008938
10000008939
10000008940
10000008941
10000008942
10000008943
10000008944
10000008945
10000008946
10000008947
10000008948
10000008949
10000008950
10000008951
10000008952
10000008953
10000008954
10000008955
10000008956
10000008957
10000008958
10000008959
10000008960
10000008961
10000008962
10000008963
10000008964
10000008965
10000008966
10000008967
10000008968
10000008969
10000008970
10000008971
10000008972
10000008973
10000008974
10000008975
10000008976
10000008977
10000008978
10000008979
10000008980
10000008981
10000008982
10000008983
10000008984
10000008985
10000008986
10000008987
10000008988
10000008989
10000008990
10000008991
10000008992
10000008993
10000008994
10000008995
10000008996
10000008997
10000008998
10000008999
10000009000
10000009001
10000009002
10000009003
10000009004
10000009005
10000009006
10000009007
10000009008
10000009009
10000009010
10000009011
10000009012
10000009013
10000009014
10000009015
10000009016
10000009017
10000009018
10000009019
10000009020
10000009021
10000009022
10000009023
10000009024
10000009025
10000009026
10000009027
10000009028
10000009029
10000009030
10000009031
10000009032
10000009033
10000009034
10000009035
10000009036
10000009037
10000009038
10000009039
10000009040
10000009041
10000009042
10000009043
10000009044
10000009045
10000009046
10000009047
10000009048
10000009049
10000009050
10000009051
10000009052
10000009053
10000009054
10000009055
10000009056
10000009057
10000009058
10000009059
10000009060
10000009061
10000009062
10000009063
10000009064
10000009065
10000009066
10000009067
10000009068
10000009069
10000009070
10000009071
10000009072
10000009073
10000009074
10000009075
10000009076
10000009077
10000009078
10000009079
10000009080
10000009081
10000009082
10000009083
10000009084
10000009085
10000009086
10000009087
10000009088
10000009089
10000009090
10000009091
10000009092
10000009093
10000009094
10000009095
10000009096
10000009097
10000009098
10000009099
10000009100
10000009101
10000009102
10000009103
10000009104
10000009105
10000009106
10000009107
10000009108
10000009109
10000009110
10000009111
10000009112
10000009113
10000009114
10000009115
10000009116
10000009117
10000009118
10000009119
10000009120
10000009121
10000009122
10000009123
10000009124
10000009125
10000009126
10000009127
10000009128
10000009129
10000009130
10000009131
10000009132
10000009133
10000009134
10000009135
10000009136
10000009137
10000009138
10000009139
10000009140
10000009141
10000009142
10000009143
10000009144
10000009145
10000009146
10000009147
10000009148
10000009149
10000009150
10000009151
10000009152
10000009153
10000009154
10000009155
10000009156
10000009157
10000009158
10000009159
10000009160
10000009161
10000009162
10000009163
10000009164
10000009165
10000009166
10000009167
10000009168
10000009169
10000009170
10000009171
10000009172
10000009173
10000009174
10000009175
10000009176
10000009177
10000009178
10000009179
10000009180
10000009181
10000009182
10000009183
10000009184
10000009185
10000009186
10000009187
10000009188
10000009189
10000009190
10000009191
10000009192
10000009193
10000009194
10000009195
10000009196
10000009197
10000009198
10000009199
10000009200
10000009201
10000009202
10000009203
10000009204
10000009205
10000009206
10000009207
10000009208
10000009209
10000009210
10000009211
10000009212
10000009213
10000009214
10000009215
10000009216
10000009217
10000009218
10000009219
10000009220
10000009221
10000009222
10000009223
10000009224
10000009225
10000009226
10000009227
10000009228
10000009229
10000009230
10000009231
10000009232
10000009233
10000009234
10000009235
10000009236
10000009237
10000009238
10000009239
10000009240
10000009241
10000009242
10000009243
10000009244
10000009245
10000009246
10000009247
10000009248
10000009249
10000009250
10000009251
10000009252
10000009253
10000009254
10000009255
10000009256
10000009257
10000009258
10000009259
10000009260
10000009261
10000009262
10000009263
10000009264
10000009265
10000009266
10000009267
10000009268
10000009269
10000009270
10000009271
10000009272
10000009273
10000009274
10000009275
10000009276
10000009277
10000009278
10000009279
10000009280
10000009281
10000009282
10000009283
10000009284
10000009285
10000009286
10000009287
10000009288
10000009289
10000009290
10000009291
10000009292
10000009293
10000009294
10000009295
10000009296
10000009297
10000009298
10000009299
10000009300
10000009301
10000009302
10000009303
10000009304
10000009305
10000009306
10000009307
10000009308
10000009309
10000009310
10000009311
10000009312
10000009313
10000009314
10000009315
10000009316
10000009317
10000009318
10000009319
10000009320
10000009321
10000009322
10000009323
10000009324
10000009325
10000009326
10000009327
10000009328
10000009329
10000009330
10000009331
10000009332
10000009333
10000009334
10000009335
10000009336
10000009337
10000009338
10000009339
10000009340
10000009341
10000009342
10000009343
10000009344
10000009345
10000009346
10000009347
10000009348
10000009349
10000009350
10000009351
10000009352
10000009353
10000009354
10000009355
10000009356
10000009357
10000009358
10000009359
10000009360
10000009361
10000009362
10000009363
10000009364
10000009365
10000009366
10000009367
10000009368
10000009369
10000009370
10000009371
10000009372
10000009373
10000009374
10000009375
10000009376
10000009377
10000009378
10000009379
10000009380
10000009381
10000009382
10000009383
10000009384
10000009385
10000009386
10000009387
10000009388
10000009389
10000009390
10000009391
10000009392
10000009393
10000009394
10000009395
10000009396
10000009397
10000009398
10000009399
10000009400
10000009401
10000009402
10000009403
10000009404
10000009405
10000009406
10000009407
10000009408
10000009409
10000009410
10000009411
10000009412
10000009413
10000009414
10000009415
10000009416
10000009417
10000009418
10000009419
10000009420
10000009421
10000009422
10000009423
10000009424
10000009425
10000009426
10000009427
10000009428
10000009429
10000009430
10000009431
10000009432
10000009433
10000009434
10000009435
10000009436
10000009437
10000009438
10000009439
10000009440
10000009441
10000009442
10000009443
10000009444
10000009445
10000009446
10000009447
10000009448
10000009449
10000009450
10000009451
10000009452
1000