0009453
10000009454
10000009455
10000009456
10000009457
10000009458
10000009459
10000009460
10000009461
10000009462
10000009463
10000009464
10000009465
10000009466
10000009467
10000009468
10000009469
10000009470
10000009471
10000009472
10000009473
10000009474
10000009475
10000009476
10000009477
10000009478
10000009479
10000009480
10000009481
10000009482
10000009483
10000009484
10000009485
10000009486
10000009487
10000009488
10000009489
10000009490
10000009491
10000009492
10000009493
10000009494
10000009495
10000009496
10000009497
10000009498
10000009499
10000009500
10000009501
10000009502
10000009503
10000009504
10000009505
10000009506
10000009507
10000009508
10000009509
10000009510
10000009511
10000009512
10000009513
10000009514
10000009515
10000009516
10000009517
10000009518
10000009519
10000009520
10000009521
10000009522
10000009523
10000009524
10000009525
10000009526
10000009527
10000009528
10000009529
10000009530
10000009531
10000009532
10000009533
10000009534
10000009535
10000009536
10000009537
10000009538
10000009539
10000009540
10000009541
10000009542
10000009543
10000009544
10000009545
10000009546
10000009547
10000009548
10000009549
10000009550
10000009551
10000009552
10000009553
10000009554
10000009555
10000009556
10000009557
10000009558
10000009559
10000009560
10000009561
10000009562
10000009563
10000009564
10000009565
10000009566
10000009567
10000009568
10000009569
10000009570
10000009571
10000009572
10000009573
10000009574
10000009575
10000009576
10000009577
10000009578
10000009579
10000009580
10000009581
10000009582
10000009583
10000009584
10000009585
10000009586
10000009587
10000009588
10000009589
10000009590
10000009591
10000009592
10000009593
10000009594
10000009595
10000009596
10000009597
10000009598
10000009599
10000009600
10000009601
10000009602
10000009603
10000009604
10000009605
10000009606
10000009607
10000009608
10000009609
10000009610
10000009611
10000009612
10000009613
10000009614
10000009615
10000009616
10000009617
10000009618
10000009619
10000009620
10000009621
10000009622
10000009623
10000009624
10000009625
10000009626
10000009627
10000009628
10000009629
10000009630
10000009631
10000009632
10000009633
10000009634
10000009635
10000009636
10000009637
10000009638
10000009639
10000009640
10000009641
10000009642
10000009643
10000009644
10000009645
10000009646
10000009647
10000009648
10000009649
10000009650
10000009651
10000009652
10000009653
10000009654
10000009655
10000009656
10000009657
10000009658
10000009659
10000009660
10000009661
10000009662
10000009663
10000009664
10000009665
10000009666
10000009667
10000009668
10000009669
10000009670
10000009671
10000009672
10000009673
10000009674
10000009675
10000009676
10000009677
10000009678
10000009679
10000009680
10000009681
10000009682
10000009683
10000009684
10000009685
10000009686
10000009687
10000009688
10000009689
10000009690
10000009691
10000009692
10000009693
10000009694
10000009695
10000009696
10000009697
10000009698
10000009699
10000009700
10000009701
10000009702
10000009703
10000009704
10000009705
10000009706
10000009707
10000009708
10000009709
10000009710
10000009711
10000009712
10000009713
10000009714
10000009715
10000009716
10000009717
10000009718
10000009719
10000009720
10000009721
10000009722
10000009723
10000009724
10000009725
10000009726
10000009727
10000009728
10000009729
10000009730
10000009731
10000009732
10000009733
10000009734
10000009735
10000009736
10000009737
10000009738
10000009739
10000009740
10000009741
10000009742
10000009743
10000009744
10000009745
10000009746
10000009747
10000009748
10000009749
10000009750
10000009751
10000009752
10000009753
10000009754
10000009755
10000009756
10000009757
10000009758
10000009759
10000009760
10000009761
10000009762
10000009763
10000009764
10000009765
10000009766
10000009767
10000009768
10000009769
10000009770
10000009771
10000009772
10000009773
10000009774
10000009775
10000009776
10000009777
10000009778
10000009779
10000009780
10000009781
10000009782
10000009783
10000009784
10000009785
10000009786
10000009787
10000009788
10000009789
10000009790
10000009791
10000009792
10000009793
10000009794
10000009795
10000009796
10000009797
10000009798
10000009799
10000009800
10000009801
10000009802
10000009803
10000009804
10000009805
10000009806
10000009807
10000009808
10000009809
10000009810
10000009811
10000009812
10000009813
10000009814
10000009815
10000009816
10000009817
10000009818
10000009819
10000009820
10000009821
10000009822
10000009823
10000009824
10000009825
10000009826
10000009827
10000009828
10000009829
10000009830
10000009831
10000009832
10000009833
10000009834
10000009835
10000009836
10000009837
10000009838
10000009839
10000009840
10000009841
10000009842
10000009843
10000009844
10000009845
10000009846
10000009847
10000009848
10000009849
10000009850
10000009851
10000009852
10000009853
10000009854
10000009855
10000009856
10000009857
10000009858
10000009859
10000009860
10000009861
10000009862
10000009863
10000009864
10000009865
10000009866
10000009867
10000009868
10000009869
10000009870
10000009871
10000009872
10000009873
10000009874
10000009875
10000009876
10000009877
10000009878
10000009879
10000009880
10000009881
10000009882
10000009883
10000009884
10000009885
10000009886
10000009887
10000009888
10000009889
10000009890
10000009891
10000009892
10000009893
10000009894
10000009895
10000009896
10000009897
10000009898
10000009899
10000009900
10000009901
10000009902
10000009903
10000009904
10000009905
10000009906
10000009907
10000009908
10000009909
10000009910
10000009911
10000009912
10000009913
10000009914
10000009915
10000009916
10000009917
10000009918
10000009919
10000009920
10000009921
10000009922
10000009923
10000009924
10000009925
10000009926
10000009927
10000009928
10000009929
10000009930
10000009931
10000009932
10000009933
10000009934
10000009935
10000009936
10000009937
10000009938
10000009939
10000009940
10000009941
10000009942
10000009943
10000009944
10000009945
10000009946
10000009947
10000009948
10000009949
10000009950
10000009951
10000009952
10000009953
10000009954
10000009955
10000009956
10000009957
10000009958
10000009959
10000009960
10000009961
10000009962
10000009963
10000009964
10000009965
10000009966
10000009967
10000009968
10000009969
10000009970
10000009971
10000009972
10000009973
10000009974
10000009975
10000009976
10000009977
10000009978
10000009979
10000009980
10000009981
10000009982
10000009983
10000009984
10000009985
10000009986
10000009987
10000009988
10000009989
10000009990
10000009991
10000009992
10000009993
10000009994
10000009995
10000009996
10000009997
10000009998
10000009999
